-1.287807	1.010740	-0.628705	0.183086	-0.375271	0.400951	-0.289068	0.109761	-0.210795	0.104258	0.033162	0.067085	
-2.902034	4.978862	-5.683186	4.715673	-2.861183	1.654732	-1.478879	1.865106	-1.902543	1.462262	-0.766990	0.255557	
0.402990	1.407439	0.559257	1.277941	-0.106877	0.558964	-0.307625	0.189028	-0.244935	0.212240	-0.081459	0.057915	
-2.146855	2.321887	-2.082853	1.568997	-0.931360	0.431248	-0.037410	-0.034720	-0.144448	0.137992	-0.000027	-0.012273	
-1.344728	1.024504	-0.455146	-0.340107	0.134711	-0.058319	-0.149926	0.214159	0.103047	-0.049811	0.126868	-0.007641	
-2.409547	3.245994	-2.868559	1.505020	-0.097442	-0.554964	0.387113	0.103323	-0.309055	0.238239	-0.003089	-0.031542	
-0.992205	0.365015	-0.412924	0.210648	-0.287643	0.300712	-0.129039	0.008611	-0.203477	0.050440	0.047650	0.130228	
-1.809770	1.913424	-1.464360	0.726979	-0.271309	0.045883	-0.014416	-0.195543	0.376980	-0.446720	0.501844	-0.133834	
-1.115436	0.826672	-0.362705	0.022981	-0.633541	0.528478	-0.261479	0.265364	-0.094108	0.081673	0.147620	-0.199407	
-1.218997	1.212861	-0.702529	-0.074402	-0.256935	0.164657	-0.216916	0.214852	0.154363	-0.107018	0.221821	-0.116793	
0.440181	1.033431	0.445260	0.436052	-0.438383	-0.210876	-0.614806	-0.209991	-0.201793	0.042680	-0.033230	0.088163	
-1.851549	1.872803	-1.453850	0.690750	-0.395539	0.407292	-0.765828	1.108871	-0.793127	0.355249	0.052261	-0.056265	
-1.132282	0.512509	-0.286394	-0.133781	-0.094084	0.092910	-0.025253	0.119478	-0.002356	0.035183	-0.008077	0.078437	
-2.184107	2.137898	-1.531504	0.740978	0.029409	-0.161415	0.197356	0.027478	-0.616352	0.653884	-0.286011	0.104698	
-0.686877	-0.068273	-0.265186	0.017028	-0.126473	0.058440	0.043999	0.066132	-0.022342	0.088429	-0.006028	0.024665	
-1.595792	1.319750	-0.709077	-0.177706	0.259358	0.142187	-0.108241	0.097379	-0.021084	-0.023606	0.050812	0.044890	
-1.337711	1.215130	-1.085636	0.609883	-0.517086	0.748980	-0.633205	0.718974	-0.651065	0.421399	-0.399848	0.235302	
-1.401873	0.397743	-0.117436	0.183463	-0.124291	0.119766	-0.033699	0.065197	0.021060	-0.059512	0.000767	0.010018	
0.422214	1.303176	0.476809	0.913396	-0.178677	0.147327	-0.372920	0.046723	-0.087460	0.116752	0.080210	0.085423	
-2.326319	2.510375	-1.742851	0.904102	-0.364550	0.487646	-0.909650	1.000763	-0.713777	0.331097	-0.094905	0.034560	
-1.436623	0.865956	-0.241442	-0.306072	0.109492	0.169163	-0.077985	0.044780	0.018953	0.018799	-0.021789	0.092717	
-2.266625	2.920857	-2.080570	0.558924	0.551885	-0.475173	-0.031382	0.370168	-0.244252	0.171160	-0.131500	0.117798	
-0.581573	0.704443	-0.486263	0.556804	-0.644558	0.541297	-0.167732	0.237981	-0.170494	0.167212	-0.105772	-0.057853	
-2.169873	2.336895	-1.209688	-0.006752	0.382010	-0.226608	-0.075858	0.152138	-0.062603	0.102458	-0.116993	0.121504	
-1.014651	0.806327	-0.264093	0.013923	0.011067	0.010340	-0.283192	0.460215	-0.526436	0.382581	0.054450	0.023236	
-1.622345	1.465706	-0.775694	-0.244659	0.277860	0.011552	-0.290586	0.387466	-0.010668	-0.172226	0.270206	-0.090973	
-0.250826	0.427699	0.007239	0.259985	-0.194947	0.203304	-0.292604	0.176779	-0.177376	0.115232	-0.084039	0.187591	
-1.524338	1.667565	-1.559706	1.283473	-1.327668	1.239610	-1.174923	1.260863	-1.127518	0.779364	-0.362967	0.037397	
-1.083268	0.027092	0.029117	0.074559	-0.033280	0.007995	0.007515	0.069380	-0.008673	0.056983	-0.028881	0.036370	
-2.085235	2.463577	-1.842074	0.215759	0.633477	-0.674162	0.152134	0.733086	-0.973643	0.859400	-0.460039	0.117025	
-0.716788	0.118730	-0.432655	0.183603	-0.339086	0.178126	-0.158467	0.120244	-0.078282	0.113757	-0.019239	0.097278	
-1.505557	1.179441	-0.264183	-0.280287	0.234377	-0.099136	-0.294389	0.559258	-0.804172	0.717561	-0.301789	0.106024	
-1.326585	1.305775	-0.953744	0.423975	-0.779349	0.627009	-0.453974	0.322582	0.083271	-0.109920	0.278444	-0.207710	
-0.701833	0.088206	-0.414908	0.106636	-0.195612	0.069632	-0.120318	0.158708	-0.056828	0.093869	-0.040080	0.088435	
0.289954	0.949541	0.458881	0.948403	0.137989	0.552714	-0.027543	0.319763	-0.114755	0.065013	-0.061882	0.091627	
-0.414719	-0.042503	-0.480473	0.061694	-0.148654	0.142143	-0.106407	0.246145	-0.276096	0.145851	-0.251924	0.343954	
-1.508914	0.942216	-0.304478	-0.297366	0.071352	0.000289	0.012172	0.195196	-0.013467	-0.125625	0.322927	-0.195593	
-2.349622	2.765064	-2.307417	0.900736	0.492331	-0.901207	0.640815	-0.067322	-0.329781	0.254764	0.033603	-0.072276	
-0.822237	0.224159	-0.519222	0.257974	-0.313678	0.154835	-0.090013	0.092649	-0.025892	0.016616	0.035917	0.061109	
-0.772001	0.455089	-0.292146	-0.117060	-0.167249	-0.029725	-0.030682	0.048085	0.097306	0.007895	0.016895	0.112774	
-1.140764	0.944286	-0.559512	-0.021698	-0.436430	0.234617	-0.088167	0.146859	0.162563	-0.070478	0.160104	-0.100794	
-1.339580	1.394956	-1.004279	-0.039653	-0.054281	-0.125962	-0.168141	0.334955	0.181409	-0.193412	0.349848	-0.149272	
0.060481	1.031125	-0.212211	0.218479	-0.622705	-0.051722	-0.606785	0.039750	-0.098213	0.252495	0.066248	0.203259	
-1.381171	1.682966	-1.453938	0.895990	-0.793371	0.395535	-0.325780	0.327567	-0.311121	0.218000	-0.066752	0.080071	
-1.508544	0.749105	-0.160623	-0.139193	-0.107233	0.069299	0.189002	-0.006226	-0.066298	-0.036472	0.228540	-0.147904	
-2.170529	2.073110	-1.617673	0.678947	0.388602	-0.363344	0.144007	-0.036459	-0.243275	0.304089	-0.151629	0.033346	
-0.528924	0.140283	-0.517226	-0.287339	-0.024032	0.222122	-0.065303	0.161501	-0.185819	0.101973	0.066834	-0.005131	
-1.926969	1.543262	-0.685128	-0.197822	0.395703	-0.069241	0.000778	0.084958	-0.140471	-0.012282	0.197822	-0.123235	
-1.449251	1.096075	-0.693917	0.164665	-0.068440	0.393203	-0.414619	0.333280	-0.406329	0.106760	0.061809	0.054796	
-1.443534	0.514456	-0.038600	-0.128495	0.149051	0.156680	0.040594	-0.017815	-0.115478	-0.088878	0.076794	0.041075	
-0.282354	1.166315	-0.439763	0.649791	-0.339874	0.369028	-0.399275	0.200002	-0.291496	0.034180	-0.121767	0.015240	
-0.839000	0.122656	-0.389468	0.183282	-0.237672	0.132974	-0.081556	0.194185	-0.140711	0.090953	0.004756	0.040171	
-1.716299	0.986683	-0.204799	-0.231488	0.214065	0.210976	-0.009020	-0.092796	-0.071364	0.002938	-0.041381	0.093015	
-2.564565	3.351716	-2.510986	0.767163	0.456221	-0.349410	-0.264553	0.492556	-0.134916	-0.199134	0.163602	-0.006333	
-0.792488	0.232402	-0.581048	0.283517	-0.373807	0.244423	-0.222162	0.295890	-0.171454	0.171437	-0.094282	0.072099	
-1.912958	1.944512	-1.187645	0.137925	0.490572	-0.324650	-0.049218	0.275448	-0.144624	-0.110897	0.292522	-0.110452	
-1.061477	0.483370	-0.377732	0.192883	-0.363624	0.199603	-0.156928	0.219348	-0.197354	0.120833	0.043865	0.003495	
-1.822223	1.491746	-0.604511	-0.342306	0.290891	-0.106380	-0.123188	0.336958	0.020168	-0.313273	0.556282	-0.314683	
0.041480	0.015839	-0.006933	0.101526	-0.207481	-0.012080	-0.187394	-0.101595	0.036338	0.202399	-0.185550	0.178790	
-1.313084	1.748775	-1.601002	1.399283	-1.176349	0.821285	-0.702676	0.520996	-0.471027	0.242068	-0.018331	0.046276	
-1.254790	0.165542	-0.096713	0.175061	-0.004466	0.057940	0.008474	0.011490	-0.020475	0.033883	0.000008	-0.011952	
-1.489572	1.195708	-0.627717	0.051374	0.027834	-0.173811	0.031912	0.138436	-0.161813	0.188418	-0.074192	0.107248	
-0.699467	0.065637	-0.478215	0.177853	-0.208680	0.156396	-0.143738	0.141529	-0.056535	0.061805	0.078478	-0.037355	
-1.613659	1.649028	-1.196089	-0.006263	0.131378	-0.005640	-0.229912	0.701583	-0.348153	0.162711	0.073804	-0.144289	
-1.206185	0.895503	-0.721984	0.464473	-0.602420	0.474039	-0.329785	0.147726	-0.111535	-0.038507	0.101237	0.051643	
-1.330894	0.618872	-0.092208	-0.118280	0.171964	-0.022222	-0.262935	-0.009942	0.182512	0.012818	-0.135077	0.256510	
-0.819776	0.193457	-0.405664	0.058060	-0.184217	0.129491	-0.003743	0.030503	0.010581	-0.053365	-0.009189	0.090851	
-0.646062	0.050229	-0.407948	0.166713	-0.366706	0.155785	-0.146171	0.234433	-0.095539	0.030319	0.081041	0.020448	
-1.292879	0.874803	-0.479613	-0.175832	0.071067	0.081352	-0.047955	0.114333	0.026581	-0.046323	0.022986	0.071451	
-0.590775	0.155716	-0.149655	-0.424124	0.063065	-0.130460	-0.129207	-0.005529	0.203206	-0.082274	0.349023	-0.096460	
-1.014821	0.432853	-0.396884	0.181181	-0.240609	0.111441	0.035763	-0.053016	-0.180198	-0.029779	0.127607	0.132548	
-1.327435	1.056980	-0.768964	0.405058	-0.430262	0.318250	-0.126413	-0.020636	-0.230895	0.125246	0.011727	0.082346	
-0.713016	0.856988	-0.860429	0.122095	-0.540655	0.152427	-0.277095	0.328513	0.031076	0.224962	-0.031301	0.159498	
-1.392406	1.274711	-0.727876	-0.046332	-0.025579	-0.254487	-0.100163	0.137779	0.094585	0.002355	0.166211	0.017646	
0.133223	1.036122	-0.054515	0.208062	-0.336336	-0.058894	-0.413742	-0.050719	-0.156344	0.018032	-0.004904	-0.074953	
-1.646318	1.054812	-0.008872	-0.319096	-0.097163	0.044917	0.028773	-0.003872	-0.018471	-0.000156	0.122541	0.028805	
-1.210234	0.515365	-0.126097	-0.227650	-0.106952	0.046479	0.111676	0.078410	0.023806	-0.023235	0.020157	0.055963	
-1.333101	0.305802	0.021071	-0.072697	0.057138	0.184083	0.045528	-0.073707	-0.091873	-0.052869	0.031997	0.078714	
-0.725713	-0.068629	-0.163491	0.000634	-0.054976	-0.018802	0.102657	-0.089325	0.013282	0.069843	-0.108458	0.145751	
-1.770549	1.304734	-0.631582	-0.103365	0.363114	0.084050	0.022811	-0.097430	-0.051448	0.059887	-0.232280	0.233193	
-1.140483	1.281042	-0.868913	0.373179	-0.423423	0.240206	-0.324088	0.378156	-0.389794	0.336201	-0.148013	0.066416	
-1.211613	0.262518	-0.025060	-0.113611	-0.024166	0.036535	0.118974	0.027344	-0.045891	-0.074167	-0.030419	0.138094	
0.539117	1.182614	0.670019	0.872851	0.053351	0.147323	-0.410391	-0.102335	-0.347380	-0.078581	-0.134693	0.051788	
-1.023650	0.788086	-0.436846	-0.193117	-0.194593	0.006224	0.006226	0.149126	0.067868	0.134177	0.056186	0.011113	
-1.480543	0.749342	-0.217766	0.002307	0.137626	-0.105871	-0.178763	0.139536	0.166017	-0.115280	-0.057765	0.151870	
-2.247080	2.699291	-2.017899	0.585321	0.318274	-0.630261	0.184917	0.321461	-0.298246	0.055174	0.273512	-0.156166	
-0.809056	0.330640	-0.629383	0.426936	-0.574647	0.441471	-0.331518	0.224423	-0.245599	0.216371	-0.090252	0.118488	
-1.975425	2.069998	-0.926051	-0.199264	0.463189	-0.012145	-0.267378	0.085926	0.170152	0.038546	-0.214349	0.189380	
-1.079927	0.633288	-0.389362	0.169657	-0.426951	0.353822	-0.217812	0.105188	-0.187003	0.127915	-0.020435	0.108994	
-1.388208	1.112149	-0.616916	-0.329949	0.269473	-0.184658	-0.182224	0.339391	0.134117	-0.175430	0.233655	-0.083145	
0.064362	0.523232	-0.304080	0.125040	-0.416062	-0.062636	-0.342024	0.062936	-0.092574	0.143318	0.007081	0.211967	
-1.386664	0.850318	-0.524001	0.265254	-0.292270	0.248485	-0.138745	0.107159	-0.176835	-0.002578	0.139980	0.006933	
-1.001944	0.097351	-0.048349	-0.047822	-0.084345	0.040201	0.002017	0.101373	0.014337	-0.083591	-0.011377	0.125604	
-1.941438	1.503113	-0.837575	0.024208	0.448142	-0.093744	0.025506	0.103539	-0.200489	0.001444	-0.112229	0.151985	
-0.657781	0.134405	-0.406899	0.126977	-0.356942	0.098083	-0.050763	0.102236	-0.104000	0.124555	-0.061626	0.128690	
0.201043	1.203534	0.278180	0.889803	-0.435957	0.343861	-0.476070	0.061964	-0.288673	0.132303	-0.118713	0.029451	
-1.267440	0.935982	-0.829006	0.321099	-0.217049	0.102850	0.080847	-0.323955	0.482568	-0.322434	-0.014532	0.119178	
-0.678494	0.093548	-0.431055	0.088780	-0.143066	0.011862	-0.055165	0.089583	0.014590	0.002796	-0.010485	0.079604	
0.140207	1.047953	0.049888	0.881459	-0.296204	0.538428	-0.151819	0.521454	-0.001229	0.315634	-0.015763	0.075754	
-0.907394	0.183478	-0.304415	0.221143	-0.310063	0.115739	-0.085464	0.086347	-0.043977	0.065021	-0.017770	0.085412	
-1.355346	0.807381	-0.414813	-0.096600	0.037273	-0.100674	0.047798	0.138381	0.047209	-0.136860	0.245206	-0.087201	
-0.795190	0.171285	-0.527796	0.264948	-0.309686	0.225916	-0.230984	0.169258	-0.087597	0.175949	0.007599	-0.000661	
-0.819858	0.167148	-0.441065	0.210147	-0.305372	0.085614	-0.018103	0.026347	0.046504	-0.039237	0.132846	0.012775	
-0.911741	0.150886	-0.328293	0.124588	-0.058965	0.004837	-0.032996	0.022138	0.013677	-0.031451	0.047093	0.067588	
-0.980795	0.752005	-0.741257	0.144116	-0.353178	0.135828	-0.064540	0.149969	-0.121576	0.106986	0.092226	0.029350	
-1.244494	1.212191	-0.747175	-0.242104	0.075074	-0.244101	-0.241591	0.296114	0.192308	-0.144903	0.376662	-0.137013	
-0.049224	0.881299	-0.091055	0.095852	-0.660622	-0.220019	-0.550307	0.091453	-0.099441	0.385214	0.015200	0.277499	
-0.903261	0.170833	-0.371321	0.288501	-0.398006	0.227344	-0.121906	0.112363	-0.188446	0.269558	-0.115979	0.086067	
-1.398196	0.490451	-0.062926	-0.180699	-0.037421	0.103420	0.112982	0.100491	-0.003396	-0.084326	0.040489	-0.028223	
-1.991053	1.899531	-1.643215	0.607718	0.480147	-0.711367	0.741122	-0.154300	-0.366735	0.326476	-0.396202	0.258645	
-0.481061	0.149791	-0.270498	-0.265312	-0.110544	-0.083068	0.043581	-0.020848	-0.035187	0.172419	0.016934	0.115334	
-1.789600	1.303427	-0.722204	0.124635	0.181161	-0.154644	0.149974	0.097176	-0.213823	-0.056070	0.216284	-0.075446	
-1.285967	0.889468	-0.682440	0.432272	-0.599456	0.577603	-0.382339	0.276653	-0.470737	0.293992	-0.103287	0.128225	
-1.378643	0.324431	-0.072193	0.026671	0.132227	0.039194	0.025990	0.088115	-0.036604	-0.183676	-0.040872	0.150126	
-0.370747	0.822398	-0.542275	0.454419	-0.490441	0.149685	-0.556046	0.254748	-0.333722	0.335277	-0.238189	0.263828	
-0.788939	0.088239	-0.375740	0.148762	-0.257092	0.192431	-0.115489	0.131926	-0.088062	0.114379	-0.106467	0.115566	
-1.587489	0.755929	-0.261463	-0.009918	0.216302	0.115272	-0.061309	-0.007475	-0.096995	-0.076274	0.069316	0.054124	
-2.493582	3.380237	-2.646395	0.925242	0.435846	-0.461134	-0.087287	0.411621	-0.172709	-0.025797	0.032192	0.044426	
-0.858110	0.205280	-0.504048	0.298475	-0.311052	0.205495	-0.141376	0.165722	-0.138509	0.123479	-0.093920	0.116109	
-2.003902	1.808802	-1.097485	0.115253	0.362210	-0.319478	0.154163	0.169658	-0.176560	-0.076483	0.226236	-0.097931	
-1.042652	0.326941	-0.294121	0.194622	-0.296189	0.155847	-0.167566	0.217545	-0.156347	0.102581	-0.022578	0.053286	
-1.538761	1.466223	-0.840337	-0.166313	0.208379	-0.241001	-0.166470	0.270381	0.084494	-0.174602	0.348644	-0.108540	
0.086465	0.062046	-0.025480	-0.168373	-0.269551	-0.248861	-0.078735	0.035561	-0.034231	0.092136	0.077367	0.111226	
-1.175377	1.746955	-1.719248	1.386125	-1.062668	0.905157	-0.739540	0.728179	-0.714732	0.392872	-0.382277	0.165656	
-1.198417	0.117356	0.021668	0.009969	0.035612	0.035332	0.021050	0.028198	0.003102	-0.050156	-0.029300	0.092753	
-1.498241	1.233877	-0.731092	-0.036303	0.113439	-0.263946	0.015920	0.199347	0.016713	-0.010910	0.039752	0.041633	
-0.651248	0.118144	-0.509520	0.141585	-0.288903	0.134377	-0.079198	0.094534	-0.015012	0.033068	0.049584	0.043813	
-1.694790	1.427772	-1.063988	0.318747	0.134365	-0.101274	0.151220	0.112813	-0.341819	0.218025	-0.245855	0.210041	
