-1.668997	1.459103	-0.919623	0.187749	0.027913	-0.088145	-0.038212	0.132474	0.006574	-0.156235	0.241922	-0.030122	
-2.160236	3.522785	-4.440691	4.032189	-3.002446	1.111363	0.417094	-1.142312	1.272571	-0.808252	0.430930	-0.066495	
-1.082542	0.286122	-0.334625	0.270873	-0.255659	0.203055	-0.103765	0.072180	-0.061444	0.037656	-0.004327	0.046625	
-0.941739	0.616585	-0.632496	0.401944	-0.560313	0.357536	-0.344937	0.236908	-0.220449	0.182915	-0.034485	0.083655	
-1.291173	0.746219	-0.392491	-0.093792	0.056259	-0.047696	-0.051931	0.134190	0.015118	-0.073083	0.097431	0.050241	
-1.868852	2.107637	-1.837059	1.049971	-0.415550	-0.062136	0.190521	-0.127079	0.021761	0.010986	0.100842	0.013486	
-0.779701	0.180053	-0.488638	0.225071	-0.340198	0.235604	-0.171342	0.168006	-0.106276	0.119510	-0.054365	0.083576	
-2.081424	2.175446	-1.726741	1.194921	-1.085751	1.197897	-1.007782	0.493635	-0.053193	-0.067916	0.011038	0.064464	
-2.050650	1.938413	-1.023200	0.220636	-0.293395	0.615524	-0.625649	0.193803	0.253404	-0.274989	0.098769	0.056080	
-2.717686	4.208422	-4.441044	3.295505	-1.577502	0.348226	0.093047	0.076129	-0.310560	0.349648	-0.173170	0.077949	
-1.413786	0.552960	-0.152155	0.165952	-0.396169	0.495167	-0.085276	-0.157729	0.020367	0.088164	-0.069403	0.069997	
-1.691070	1.194387	-0.612411	0.554780	-1.102262	1.411086	-0.931426	0.313080	-0.183011	0.450171	-0.528454	0.282916	
-1.778993	1.187418	-0.319429	0.015827	-0.363425	0.618238	-0.298152	-0.154977	0.254450	-0.046753	-0.115950	0.115421	
-2.232675	2.717491	-2.449358	1.336383	-0.306557	-0.033317	0.059608	0.232723	-0.460300	0.359067	-0.301839	0.219495	
-0.197750	0.882859	-0.250605	0.398783	-0.589324	0.099856	-0.501876	0.036399	-0.236996	0.086836	-0.016985	0.056382	
-2.432769	2.886808	-2.738947	3.024328	-3.493901	3.614185	-3.080666	2.095933	-1.423042	1.315599	-1.019853	0.373477	
-1.847794	1.686611	-0.976702	0.049559	0.347813	-0.203819	0.004984	0.161286	-0.178506	0.086638	-0.069193	0.119118	
-2.429591	3.141526	-2.850740	1.741321	-0.508702	-0.371617	0.769107	-0.723746	0.529505	-0.396324	0.301211	-0.077655	
-1.279684	0.228846	0.007899	0.036274	-0.031720	0.073254	0.012720	0.009018	0.005448	-0.021429	-0.027364	0.059401	
-1.323921	0.823682	-0.528307	0.323333	-0.389211	0.305045	-0.225723	0.109502	-0.125031	0.089790	-0.014722	0.053445	
-1.582187	1.004372	-0.505319	-0.049815	0.266660	-0.031965	-0.057864	0.122382	-0.063451	-0.096387	-0.016948	0.137250	
-1.971046	2.070786	-1.611971	0.630089	0.145266	-0.310263	0.235042	0.008022	-0.255616	0.263178	-0.236976	0.200580	
-0.745318	0.069796	-0.402994	0.145129	-0.223301	0.121658	-0.075197	0.096201	-0.031562	0.056133	0.001502	0.053852	
-1.703472	1.553280	-1.337001	1.073916	-1.099581	1.141439	-0.996397	0.743710	-0.601681	0.516419	-0.338633	0.140677	
-1.651089	1.478261	-1.038419	0.597269	-0.470574	0.434330	-0.471287	0.409632	-0.285665	0.146282	-0.058936	0.070484	
-2.660860	4.038575	-3.757814	2.034108	-0.023057	-0.859788	0.679369	0.010775	-0.418237	0.474737	-0.276050	0.135897	
-1.543955	0.662145	0.011453	-0.101780	-0.091039	0.126238	0.014746	-0.026194	0.027681	-0.012358	-0.068934	0.100292	
-1.502014	0.934844	-0.533378	0.480922	-0.744583	0.858915	-0.501209	0.165098	-0.131884	0.222828	-0.208104	0.124156	
-1.813992	1.297690	-0.343872	-0.154824	-0.031215	0.239794	-0.065823	-0.117425	0.077874	0.118019	-0.206645	0.147051	
-2.369354	3.000511	-2.290311	0.749072	0.450197	-0.589381	0.244862	0.155578	-0.309138	0.273135	-0.177306	0.114039	
0.170876	0.557475	-0.301428	-0.131708	-0.612338	-0.154227	-0.376214	0.080032	-0.025715	0.209668	0.061676	0.121272	
-2.153598	2.496425	-2.258491	1.895429	-1.767911	1.819402	-1.609470	1.083019	-0.647716	0.460560	-0.285969	0.147540	
