-1.850720	1.291340	-0.373777	0.042425	-0.210609	0.255594	-0.048424	-0.036829	-0.073324	0.107529	-0.080550	0.074315	
-1.663004	1.339514	-0.650579	-0.072847	0.153035	-0.043879	-0.237814	0.306963	0.012924	-0.264429	0.333034	-0.063198	
-0.155895	0.675542	-0.181839	0.366563	-0.508793	0.133841	-0.370780	0.088028	-0.202550	0.115746	-0.079721	0.105246	
-1.990128	2.109164	-1.641530	0.559688	0.271537	-0.328252	0.197571	0.079071	-0.310778	0.257962	-0.223108	0.190790	
-1.195313	0.127896	-0.000945	0.043344	-0.020331	0.052312	0.022214	0.017320	0.003506	-0.011426	-0.010209	0.036106	
-1.394968	0.646870	-0.455747	0.548231	-0.778144	0.825900	-0.366282	0.129997	-0.223711	0.279037	-0.179933	0.075203	
-0.680867	0.013081	-0.372305	0.096974	-0.187206	0.086696	-0.062525	0.090589	-0.013044	0.046049	0.003342	0.057779	
-1.791907	1.681482	-1.477808	1.086160	-0.872745	0.839609	-0.856783	0.725127	-0.410956	0.136621	-0.029116	0.067279	
-1.262063	0.792788	-0.413059	-0.137636	0.038942	-0.099838	-0.069133	0.189730	0.006324	-0.050704	0.124478	0.037647	
-1.656142	1.354978	-0.856157	0.136850	0.202989	-0.171788	0.041018	0.147693	-0.189506	0.052531	-0.030724	0.130016	
0.679014	0.707617	-0.130393	-0.321618	-0.747973	-0.406897	-0.481046	-0.009901	-0.006427	0.225239	0.133995	0.190662	
-2.419654	3.138052	-2.318781	0.664629	0.547005	-0.586714	0.141799	0.175487	-0.166511	0.078681	-0.029234	0.063825	
-1.299892	0.398802	-0.119418	-0.090818	0.112869	0.096082	-0.057399	0.005517	0.066538	-0.032559	-0.095096	0.124828	
-1.468265	1.191026	-0.840400	0.544923	-0.533169	0.562109	-0.527964	0.472995	-0.409406	0.238870	-0.140574	0.081367	
-0.991872	0.377479	-0.463997	0.273806	-0.324639	0.255486	-0.188892	0.129222	-0.125894	0.079103	-0.009546	0.075927	
-2.658230	3.666200	-3.528800	2.606733	-1.727165	1.202297	-0.879102	0.633960	-0.512835	0.327832	-0.091672	0.035632	
-1.503738	0.800063	-0.169075	0.033711	-0.428194	0.633479	-0.308371	-0.133768	0.172298	0.084245	-0.184142	0.159232	
-1.981670	1.662476	-0.571102	-0.265485	0.270227	0.156001	-0.124507	-0.108760	0.114926	0.107280	-0.258369	0.186844	
-0.514284	0.689609	-0.649652	0.281976	-0.758364	0.197040	-0.451294	0.239960	-0.082796	0.217736	0.066570	0.107575	
-1.881839	2.150011	-1.863300	1.056925	-0.344090	-0.214856	0.301781	-0.171629	-0.087196	0.175494	-0.013323	0.079067	
-1.232466	0.302871	-0.195639	0.275184	-0.212619	0.148073	-0.075538	0.077463	-0.033404	-0.019918	0.018306	0.027539	
-1.485233	1.027169	-0.883486	0.916092	-1.143093	1.182115	-0.834740	0.544993	-0.497545	0.486759	-0.329625	0.125755	
-0.713691	0.092987	-0.435718	0.155709	-0.289618	0.158754	-0.127591	0.154670	-0.084611	0.115687	-0.052675	0.088610	
-2.084234	2.213503	-1.783633	1.411083	-1.563761	1.945535	-1.698553	0.956791	-0.415287	0.285052	-0.233389	0.136988	
-1.542383	0.906577	-0.448893	-0.090812	0.299096	0.020809	-0.057979	0.078773	-0.013017	-0.080886	-0.182474	0.239851	
-1.707555	1.519577	-1.047840	0.372228	-0.129893	0.017536	-0.000502	0.005907	0.150856	-0.276354	0.268051	-0.039094	
-0.016155	0.344852	-0.527046	-0.224250	-0.641663	-0.029440	-0.106771	0.313731	0.100682	0.131880	-0.017923	0.006821	
-2.625022	3.961563	-3.808014	2.270759	-0.396980	-0.552499	0.572496	-0.045030	-0.323654	0.387788	-0.218557	0.116568	
-1.565723	0.780961	-0.038929	-0.169739	-0.090487	0.120470	0.047117	-0.014163	-0.014302	-0.049522	0.036805	0.066218	
-1.971905	1.881081	-0.989932	0.122715	-0.238698	0.749205	-0.919370	0.441463	0.099131	-0.149813	-0.018530	0.136621	
-1.193162	0.700973	-0.413984	0.205704	-0.404942	0.252594	-0.200045	0.086817	-0.075119	0.079092	0.004178	0.061049	
-2.565538	3.373385	-3.629664	4.033144	-4.300065	4.242152	-3.649129	2.572040	-1.806264	1.551698	-0.999192	0.299839	
-1.866147	1.437669	-0.624784	0.235523	-0.351920	0.419860	0.048879	-0.399461	0.249131	0.180435	-0.349867	0.178099	
-2.043677	1.931730	-0.965308	-0.063021	0.415058	-0.144622	-0.192998	0.320781	-0.194005	-0.001119	0.103802	-0.010309	
-0.152595	1.072067	-0.150594	0.497098	-0.576635	0.042171	-0.597854	-0.134941	-0.323813	-0.001612	-0.017188	0.001963	
-2.217726	2.631311	-2.205455	0.967118	0.199967	-0.532473	0.413208	0.062992	-0.484984	0.528517	-0.432654	0.250065	
-1.407071	0.341944	0.093357	0.019236	-0.097269	0.067841	0.053539	0.009634	-0.020268	-0.040561	-0.034664	0.085320	
-1.702865	1.177001	-0.525318	0.336315	-0.725575	1.011153	-0.672100	0.142186	0.029556	0.134115	-0.240427	0.180592	
-0.930105	0.111056	-0.338882	0.199801	-0.175902	0.145967	-0.064356	0.062839	-0.035304	0.044044	0.002242	0.035164	
-2.131227	2.205707	-1.662258	1.102459	-1.018333	1.168510	-0.972447	0.435595	-0.085535	0.135230	-0.232500	0.158310	
-1.529838	0.938787	-0.502087	0.012221	0.189114	-0.086976	0.020008	0.105248	-0.099806	-0.119180	0.160882	0.025926	
-1.750207	1.682340	-1.237229	0.324147	0.209617	-0.334336	0.174360	0.136538	-0.195374	0.070642	0.018513	0.068864	
0.243185	0.555381	-0.170018	-0.018552	-0.365101	-0.104390	-0.343129	-0.062582	-0.166153	0.085020	-0.009658	0.090666	
-2.428145	3.149812	-2.824281	1.652243	-0.414600	-0.425384	0.735732	-0.584701	0.398584	-0.332422	0.273017	-0.063698	
-1.472179	0.582225	-0.030326	-0.034940	-0.061672	0.085185	-0.003516	-0.033902	0.068575	0.044578	-0.143386	0.105932	
-1.711896	1.604843	-1.126435	0.672300	-0.510049	0.371344	-0.416559	0.324904	-0.184944	0.053431	0.038995	0.047875	
-1.143819	0.199127	-0.223830	0.398321	-0.535562	0.531312	-0.123939	0.030175	-0.125410	0.139954	-0.130714	0.073292	
-2.644171	4.361675	-4.934698	3.907525	-2.151440	0.547389	0.260709	-0.316827	0.154654	0.075097	-0.103349	0.090454	
-1.733303	1.138377	-0.235649	-0.139294	-0.269891	0.624766	-0.372621	-0.106834	0.274402	-0.089110	-0.088110	0.123369	
-2.038997	1.834481	-0.757873	-0.129938	-0.021593	0.476701	-0.457219	0.034239	0.253952	-0.090357	-0.153903	0.162888	
-0.956590	0.785304	-0.673699	0.411042	-0.560576	0.358231	-0.392327	0.255024	-0.233517	0.181811	-0.041365	0.077735	
-2.131387	2.601026	-2.408173	1.490602	-0.731768	0.349674	-0.243994	0.295794	-0.189672	0.002831	0.111947	-0.018893	
-1.414349	0.523323	-0.195540	0.184625	-0.261877	0.369848	-0.015458	-0.182306	-0.000976	0.055941	0.033775	-0.005147	
-1.894597	1.510086	-0.703326	0.568805	-1.240628	1.661804	-1.094693	0.291197	-0.141263	0.498310	-0.647317	0.348136	
-0.793596	0.166928	-0.522479	0.263928	-0.335483	0.278129	-0.199205	0.201647	-0.150194	0.137752	-0.066363	0.086063	
-2.155395	2.373737	-2.133876	2.061640	-2.185645	2.157901	-1.816909	1.232619	-0.763111	0.642274	-0.467239	0.197695	
-1.692069	1.090678	-0.219409	-0.230018	0.049561	0.209204	-0.137867	-0.075950	0.123774	0.071483	-0.184377	0.148520	
-1.980315	1.941476	-1.393832	0.685489	-0.363869	0.202589	0.007267	-0.128854	0.237127	-0.220734	0.150288	-0.027269	
-0.084128	0.592793	-0.426566	-0.095830	-0.780693	-0.086789	-0.484773	0.176546	0.041389	0.334522	0.125126	0.167888	
-2.436821	3.100097	-2.983035	2.186708	-0.979212	-0.102780	0.935982	-1.418968	1.184110	-0.715832	0.442180	-0.147444	
-1.704372	0.763930	0.119538	-0.080012	-0.256247	0.256386	0.032967	-0.080585	0.038767	-0.069404	-0.056540	0.118677	
-2.187831	2.193290	-1.302579	0.426656	-0.334891	0.518003	-0.521634	0.166421	0.388951	-0.626938	0.468430	-0.112816	
-1.382996	0.945573	-0.677007	0.403397	-0.369734	0.315603	-0.243785	0.153638	-0.190848	0.127196	-0.027017	0.038458	
-0.772467	0.158704	-0.486048	0.208629	-0.284966	0.146205	-0.082971	0.082725	-0.006324	0.030806	0.034022	0.036379	
