0.402990	1.407439	0.559257	1.277941	-0.106877	0.558964	-0.307625	0.189028	-0.244935	0.212240	-0.081459	0.057915	
-2.902034	4.978862	-5.683186	4.715673	-2.861183	1.654732	-1.478879	1.865106	-1.902543	1.462262	-0.766990	0.255557	
-1.717309	1.228421	-0.581541	-0.105908	0.328922	0.060618	-0.019612	0.014040	-0.087010	-0.026104	0.025343	0.067677	
-1.271858	0.854563	-0.658220	0.407836	-0.598995	0.589628	-0.391392	0.297037	-0.501191	0.329133	-0.122490	0.133372	
-0.598118	0.525972	-0.590505	0.641794	-0.725111	0.484854	-0.373651	0.226128	-0.226764	0.246177	-0.124734	0.069927	
-1.524338	1.667565	-1.559706	1.283473	-1.327668	1.239610	-1.174923	1.260863	-1.127518	0.779364	-0.362967	0.037397	
-1.457009	0.567675	-0.086681	-0.095694	0.082613	0.025447	0.041371	0.101451	-0.065477	-0.125875	0.071085	0.048929	
-1.718112	1.508774	-1.163823	0.327733	0.197154	-0.270514	0.257552	0.122886	-0.340000	0.210075	-0.267097	0.222943	
-0.412934	0.521098	-0.030763	0.196367	-0.235029	0.351741	-0.240502	0.317856	-0.070454	0.159332	0.037466	0.128353	
-2.225001	2.823193	-1.938227	0.511137	0.485526	-0.394098	-0.051853	0.328281	-0.212244	0.213964	-0.189463	0.158337	
-1.437206	0.699969	-0.147164	-0.008859	0.173962	-0.107438	-0.282080	0.073412	0.227292	-0.070042	-0.092501	0.202862	
-1.153403	0.681880	-0.470687	0.266673	-0.508162	0.472541	-0.347148	0.160188	-0.141179	0.033436	0.040455	0.078116	
-0.755832	0.084315	-0.397428	0.171499	-0.285802	0.173545	-0.097851	0.116884	-0.084858	0.110748	-0.068887	0.098545	
-1.175377	1.746955	-1.719248	1.386125	-1.062668	0.905157	-0.739540	0.728179	-0.714732	0.392872	-0.382277	0.165656	
-1.258809	0.119471	0.020048	0.051400	0.049099	0.039019	0.048788	0.025526	-0.030216	-0.054167	-0.023436	0.064577	
-1.505557	1.179441	-0.264183	-0.280287	0.234377	-0.099136	-0.294389	0.559258	-0.804172	0.717561	-0.301789	0.106024	
0.480665	1.242895	0.573414	0.893123	-0.062663	0.147325	-0.391656	-0.027806	-0.217420	0.019085	-0.027241	0.068606	
0.041480	0.015839	-0.006933	0.101526	-0.207481	-0.012080	-0.187394	-0.101595	0.036338	0.202399	-0.185550	0.178790	
-1.167778	1.146864	-0.680686	-0.182697	-0.157283	-0.076406	-0.136203	0.231144	0.212944	-0.076159	0.295298	-0.081651	
-1.219344	1.075016	-0.837119	0.624858	-0.970006	0.663812	-0.354687	0.149843	0.015232	-0.062464	0.196540	-0.089116	
-0.834456	0.137649	-0.459190	0.271384	-0.310718	0.216360	-0.153089	0.168118	-0.097266	0.093776	-0.050854	0.082466	
-1.851549	1.872803	-1.453850	0.690750	-0.395539	0.407292	-0.765828	1.108871	-0.793127	0.355249	0.052261	-0.056265	
-0.848452	0.474771	-0.231292	-0.101072	-0.182970	0.053343	-0.152780	0.101037	0.025707	-0.001209	0.027123	0.166136	
-2.170529	2.073110	-1.617673	0.678947	0.388602	-0.363344	0.144007	-0.036459	-0.243275	0.304089	-0.151629	0.033346	
0.155837	0.923970	-0.021484	0.193118	-0.602600	-0.106241	-0.568085	-0.018740	-0.131058	0.230356	0.051415	0.185853	
-2.409547	3.245994	-2.868559	1.505020	-0.097442	-0.554964	0.387113	0.103323	-0.309055	0.238239	-0.003089	-0.031542	
-1.574543	0.692172	-0.282118	0.150891	0.082830	0.044820	-0.072022	0.038110	0.034310	-0.290775	0.298584	-0.047222	
-1.187552	0.628711	-0.395882	0.204557	-0.358062	0.233214	-0.116260	0.086700	-0.075401	0.038369	0.074143	0.005925	
-0.679445	0.094783	-0.499734	0.224029	-0.273984	0.158092	-0.150280	0.087059	-0.031363	0.082699	0.071724	-0.011372	
-1.381171	1.682966	-1.453938	0.895990	-0.793371	0.395535	-0.325780	0.327567	-0.311121	0.218000	-0.066752	0.080071	
-0.837439	-0.095160	-0.035192	-0.001610	-0.044272	-0.044161	0.073261	0.033943	-0.044474	-0.063148	-0.049274	0.202768	
-1.809770	1.913424	-1.464360	0.726979	-0.271309	0.045883	-0.014416	-0.195543	0.376980	-0.446720	0.501844	-0.133834	
0.140207	1.047953	0.049888	0.881459	-0.296204	0.538428	-0.151819	0.521454	-0.001229	0.315634	-0.015763	0.075754	
-1.382299	0.820859	-0.250939	-0.306348	0.144547	0.017119	-0.131658	0.221429	-0.030127	-0.160421	0.425755	-0.175619	
-1.653739	1.485384	-0.763451	-0.244068	0.271738	-0.035890	-0.250419	0.355006	0.009300	-0.198141	0.325960	-0.122782	
-0.993453	1.210379	-0.690591	0.444913	-0.572227	0.593486	-0.516198	0.450621	-0.419966	0.300082	-0.372802	0.015744	
-1.043096	0.316539	-0.275560	0.190918	-0.298052	0.329519	-0.225252	0.103977	-0.238506	0.068606	-0.015387	0.175216	
-0.530438	-0.043440	-0.179648	-0.236263	-0.008770	-0.025862	-0.094528	0.018505	0.151534	0.023726	0.177004	-0.014079	
-1.315013	0.684029	-0.188321	-0.313865	0.013857	0.120629	-0.026074	0.083631	0.082224	-0.022585	-0.001381	0.031389	
-2.085235	2.463577	-1.842074	0.215759	0.633477	-0.674162	0.152134	0.733086	-0.973643	0.859400	-0.460039	0.117025	
0.011123	0.429985	-0.041640	0.312565	-0.192234	0.049582	-0.332947	0.001972	-0.243315	0.113550	-0.158227	0.269345	
-2.493582	3.380237	-2.646395	0.925242	0.435846	-0.461134	-0.087287	0.411621	-0.172709	-0.025797	0.032192	0.044426	
-1.678995	0.981183	-0.080492	-0.240793	0.027637	0.156749	0.054597	-0.069007	-0.087949	-0.007990	0.074215	0.053325	
-1.137579	1.033009	-0.478388	-0.099691	-0.405853	0.413964	-0.299317	0.248281	0.072915	-0.074725	0.176465	-0.187258	
-0.807688	0.114205	-0.348876	0.141263	-0.189916	0.062487	-0.034416	-0.021842	0.041602	0.025510	0.018363	0.061447	
-1.313084	1.748775	-1.601002	1.399283	-1.176349	0.821285	-0.702676	0.520996	-0.471027	0.242068	-0.018331	0.046276	
-1.451163	0.237806	0.006625	0.118740	0.110589	0.084179	0.046165	-0.032745	-0.060782	-0.131832	-0.031121	0.131631	
-2.056392	1.958057	-1.062817	0.007807	0.507461	-0.133590	-0.144027	0.151316	-0.060012	-0.056364	0.024673	0.062232	
0.251245	1.241203	0.285949	0.928439	-0.517190	0.263451	-0.541043	0.021361	-0.280709	0.141253	-0.071510	-0.006190	
0.005523	0.334456	0.167794	-0.059676	-0.250489	-0.235549	-0.198465	-0.017349	-0.159239	-0.086416	0.056960	0.035425	
-1.341477	1.177324	-0.634189	-0.338759	0.168995	-0.154475	-0.211323	0.284666	0.167572	-0.126319	0.254515	-0.089598	
-1.320338	1.065425	-0.756028	0.348782	-0.315827	0.263299	-0.194264	0.136601	-0.289163	0.117566	0.067451	0.068602	
-0.914229	0.265731	-0.511408	0.341710	-0.312314	0.152246	-0.051241	0.047260	-0.072179	-0.045341	0.099607	0.072560	
-2.326319	2.510375	-1.742851	0.904102	-0.364550	0.487646	-0.909650	1.000763	-0.713777	0.331097	-0.094905	0.034560	
-0.952565	0.386831	-0.351635	-0.112827	-0.069359	0.017650	0.091360	0.042851	0.149145	-0.010146	-0.034177	0.034874	
-1.991053	1.899531	-1.643215	0.607718	0.480147	-0.711367	0.741122	-0.154300	-0.366735	0.326476	-0.396202	0.258645	
0.154860	0.826913	-0.209222	0.141046	-0.398522	-0.071932	-0.371809	-0.026257	-0.079157	0.066500	0.068419	0.013899	
-2.247080	2.699291	-2.017899	0.585321	0.318274	-0.630261	0.184917	0.321461	-0.298246	0.055174	0.273512	-0.156166	
-1.375341	0.855671	-0.293222	-0.234103	0.091902	0.046252	-0.008219	0.037296	0.068081	-0.110720	0.136263	0.038369	
-1.120684	0.977294	-0.677618	0.113329	-0.311044	0.124287	-0.015331	-0.149159	0.408508	-0.227261	0.095662	0.008870	
-0.623887	0.049326	-0.424564	0.060926	-0.168077	0.029620	-0.022259	0.091121	0.027372	0.020215	-0.000012	0.031830	
-2.146855	2.321887	-2.082853	1.568997	-0.931360	0.431248	-0.037410	-0.034720	-0.144448	0.137992	-0.000027	-0.012273	
-1.134796	0.149350	-0.035620	-0.033877	0.070449	0.044152	-0.026341	-0.007111	0.045207	-0.058693	-0.059421	0.159173	
-1.851270	1.935242	-1.191084	0.169177	0.456576	-0.378451	0.012560	0.276954	-0.155055	-0.081504	0.291054	-0.108713	
0.289954	0.949541	0.458881	0.948403	0.137989	0.552714	-0.027543	0.319763	-0.114755	0.065013	-0.061882	0.091627	
-1.075019	0.113708	-0.012113	0.029616	-0.025425	0.017427	-0.049900	0.050726	0.044242	0.057126	0.092667	-0.066382	
-1.815897	1.441987	-0.757146	-0.083583	0.351975	0.048951	-0.036052	0.042609	-0.090536	0.002413	-0.063778	0.100354	
-1.337711	1.215130	-1.085636	0.609883	-0.517086	0.748980	-0.633205	0.718974	-0.651065	0.421399	-0.399848	0.235302	
-0.885825	0.375595	-0.611190	0.374536	-0.560832	0.449849	-0.270215	0.209065	-0.199891	0.168426	-0.084088	0.102608	
-1.460073	1.234765	-0.695562	-0.010420	0.038565	-0.230748	-0.017444	0.158521	-0.016838	0.059954	0.043924	0.055509	
-1.614251	0.839454	-0.183310	-0.005489	-0.124697	0.073913	0.213721	-0.144573	-0.114352	-0.027303	0.278821	-0.122332	
-2.184107	2.137898	-1.531504	0.740978	0.029409	-0.161415	0.197356	0.027478	-0.616352	0.653884	-0.286011	0.104698	
-0.282354	1.166315	-0.439763	0.649791	-0.339874	0.369028	-0.399275	0.200002	-0.291496	0.034180	-0.121767	0.015240	
-2.308249	3.018521	-2.222913	0.606711	0.618243	-0.556247	-0.010911	0.412055	-0.276259	0.128357	-0.073538	0.077259	
-1.541667	0.728762	-0.177793	-0.120881	0.201787	0.176427	-0.056370	-0.068567	-0.068118	-0.012209	0.037667	0.058997	
-1.163867	0.831678	-0.402749	0.139632	-0.791642	0.647647	-0.307561	0.236594	-0.067980	0.081199	0.143374	-0.179030	
-0.656487	0.112251	-0.399775	0.089852	-0.302720	0.119228	-0.087088	0.156812	-0.153751	0.123391	-0.078599	0.159650	
-1.365297	0.365852	0.010491	0.010795	0.070188	-0.027312	-0.053349	0.174031	0.029573	-0.223394	-0.015543	0.149566	
-1.329792	0.303551	-0.162886	0.240082	-0.097197	0.101849	-0.021138	0.050037	-0.005074	-0.006466	-0.007684	0.005395	
-1.613659	1.649028	-1.196089	-0.006263	0.131378	-0.005640	-0.229912	0.701583	-0.348153	0.162711	0.073804	-0.144289	
0.150842	1.165865	0.270412	0.851167	-0.354724	0.424270	-0.411097	0.102566	-0.296637	0.123353	-0.165915	0.065091	
0.167407	-0.210364	-0.218754	-0.277069	-0.288614	-0.262173	0.040996	0.088472	0.090778	0.270688	0.097774	0.187027	
-1.455075	1.296321	-0.853627	0.133385	-0.184967	0.023723	-0.009180	0.158325	0.037748	-0.101317	0.259813	-0.134493	
-1.356303	1.039965	-0.688571	0.370069	-0.494472	0.466760	-0.275432	0.067325	-0.260195	0.145392	-0.040298	0.105761	
-0.815723	0.226711	-0.509109	0.258091	-0.346105	0.208969	-0.161047	0.177417	-0.141717	0.194546	-0.086395	0.076254	
-1.346169	0.333264	-0.009794	-0.100161	0.021122	0.173769	0.093614	-0.027473	-0.064508	-0.057145	0.012130	0.045869	
-1.014651	0.806327	-0.264093	0.013923	0.011067	0.010340	-0.283192	0.460215	-0.526436	0.382581	0.054450	0.023236	
-1.046792	0.517768	-0.343964	0.077791	-0.265418	0.163660	-0.020165	-0.011463	-0.184341	0.014632	0.122876	0.084085	
-0.079434	1.061791	-0.297717	0.256737	-0.700299	-0.017528	-0.628667	0.130612	-0.029816	0.249659	0.056453	0.196603	
-0.791298	0.219125	-0.598122	0.326653	-0.394644	0.265999	-0.251851	0.301800	-0.226132	0.188890	-0.090313	0.099897	
-1.436815	0.915411	-0.514013	0.009872	0.127598	0.020949	-0.105164	0.169813	-0.037323	-0.051269	0.000963	0.085143	
-1.040727	0.677198	-0.485184	0.225713	-0.461226	0.276933	-0.159711	0.096605	-0.172614	0.142391	0.019494	0.076138	
-0.680897	0.118409	-0.482835	0.152731	-0.329695	0.161939	-0.122690	0.168481	-0.065078	0.028528	0.073698	0.039650	
-1.354021	0.907394	-0.483633	-0.111035	0.123611	-0.105255	-0.046514	0.178628	0.088480	-0.133744	0.267283	-0.102187	
-1.108160	0.059587	0.007254	0.056439	-0.032307	0.021770	0.009145	0.058091	0.006535	0.029137	-0.043999	0.063439	
-0.722451	0.192345	-0.495796	0.229480	-0.371008	0.147308	-0.171722	0.077053	-0.083857	0.159123	-0.034493	0.152477	
-1.306404	1.006846	-0.748447	0.468294	-0.507962	0.479134	-0.296833	0.053428	-0.172033	-0.013522	0.082781	0.071524	
-1.541106	0.922221	-0.267216	-0.336316	0.016618	0.051793	0.052192	0.193539	0.035273	-0.131391	0.285442	-0.231501	
-1.878532	1.513744	-0.738812	-0.149239	0.367769	-0.180087	0.071374	0.189073	-0.225425	-0.014564	0.229315	-0.123378	
-0.986912	1.145568	-0.741777	0.161162	-0.442532	0.115931	-0.450700	0.516413	-0.449984	0.443158	-0.045105	0.075433	
-1.048190	0.405165	-0.381216	0.205680	-0.335538	0.180975	-0.166503	0.281658	-0.184938	0.141753	-0.021496	0.005385	
-0.504993	0.145037	-0.393862	-0.276326	-0.067288	0.069527	-0.010861	0.070327	-0.110503	0.137196	0.041884	0.055101	
-1.347077	0.625331	-0.163543	-0.248417	-0.080827	0.026452	0.159122	0.149814	-0.042153	-0.067082	0.153149	-0.094857	
-1.228861	0.581879	-0.123674	-0.284837	-0.105664	0.094297	0.103154	0.043040	0.049054	-0.005230	0.001452	0.062781	
-0.370747	0.822398	-0.542275	0.454419	-0.490441	0.149685	-0.556046	0.254748	-0.333722	0.335277	-0.238189	0.263828	
-2.564565	3.351716	-2.510986	0.767163	0.456221	-0.349410	-0.264553	0.492556	-0.134916	-0.199134	0.163602	-0.006333	
-1.608184	1.004234	-0.306145	-0.305130	0.252594	0.203544	-0.087119	-0.002340	-0.027845	0.039799	-0.106384	0.120252	
-1.259738	1.001653	-0.593191	0.051543	-0.414521	0.328206	-0.160642	0.175500	-0.027813	0.028430	0.068149	-0.035648	
-0.874947	0.107029	-0.293608	0.105988	-0.134285	0.042834	-0.008976	0.106397	-0.085180	0.039888	0.027353	0.031103	
-0.917094	0.200986	-0.496697	0.256420	-0.326444	0.298045	-0.127438	0.266760	-0.151968	0.208648	-0.116429	-0.024128	
-1.319470	0.369636	-0.233697	-0.049522	0.215904	0.060715	0.085154	0.123060	-0.078603	-0.195803	-0.075953	0.169181	
-2.169873	2.336895	-1.209688	-0.006752	0.382010	-0.226608	-0.075858	0.152138	-0.062603	0.102458	-0.116993	0.121504	
0.440181	1.033431	0.445260	0.436052	-0.438383	-0.210876	-0.614806	-0.209991	-0.201793	0.042680	-0.033230	0.088163	
-0.233087	0.365739	-0.430299	0.055661	-0.575355	-0.047636	-0.270844	0.137409	-0.086212	0.198469	-0.031317	0.187492	
-1.401503	1.400528	-0.905605	-0.130864	0.144784	-0.300527	-0.150175	0.302996	0.097689	-0.125745	0.335264	-0.129210	
-1.476934	1.324145	-0.940393	0.247585	-0.196099	0.339942	-0.336238	0.373432	-0.285602	0.120485	0.015790	0.008819	
-0.862579	0.256786	-0.428533	0.180251	-0.295195	0.103727	-0.080258	0.125885	-0.066716	0.070073	0.010573	0.061443	
-0.842227	0.073059	-0.287846	0.190881	-0.191421	-0.053743	0.042863	0.114345	-0.083769	-0.094119	0.064982	0.150785	
-1.057512	0.740770	-0.413349	-0.191515	-0.167787	0.005177	0.030251	0.134394	0.048236	0.125312	0.041531	0.012154	
-0.614603	0.124149	-0.463856	0.142019	-0.237994	-0.031075	-0.249151	0.227554	-0.017906	0.162619	-0.088227	0.124598	
-0.209725	0.915116	-0.265848	-0.014312	-0.661154	-0.313471	-0.549347	0.169274	-0.103376	0.565047	0.003614	0.393207	
-2.349622	2.765064	-2.307417	0.900736	0.492331	-0.901207	0.640815	-0.067322	-0.329781	0.254764	0.033603	-0.072276	
-1.362274	0.950240	-0.428032	-0.297401	0.095830	-0.088785	-0.002026	0.174901	0.024051	-0.035617	0.139769	-0.032169	
-0.846430	0.802206	-0.835168	0.092033	-0.348325	0.091950	-0.113851	0.240937	-0.093019	0.173872	0.028726	0.081918	
-0.729841	0.081819	-0.422946	0.114425	-0.180273	0.095994	-0.092317	0.146248	-0.069336	0.083768	-0.017194	0.057019	
-0.808490	0.255088	-0.615751	0.314977	-0.314134	0.186196	-0.197222	0.173066	-0.018964	0.030984	0.040004	0.030519	
-1.148777	0.307166	-0.062811	-0.148829	-0.085519	0.031845	0.115953	0.058238	-0.002690	-0.049176	-0.010940	0.094413	
-1.957990	1.797278	-1.103692	0.083622	0.309999	-0.366528	0.196319	0.205942	-0.146412	-0.110442	0.343634	-0.203390	
