-2.729523	3.322243	-2.256225	0.760089	0.121713	-0.176832	-0.380113	1.068636	-1.353909	1.048744	-0.497159	0.144101	
-1.668170	1.200227	-0.509896	-0.122070	0.040756	0.285319	-0.403506	0.302263	-0.003651	-0.107265	0.111768	-0.030280	
-2.796952	4.258121	-4.366075	3.350992	-2.225023	1.847862	-1.645553	1.085949	-0.279421	-0.275123	0.267195	-0.045752	
-0.201094	0.763029	-0.007519	0.286934	-0.244153	0.179192	-0.265785	-0.011896	-0.274481	-0.091094	-0.086385	-0.025625	
-2.315690	2.496295	-1.351241	0.027492	0.398943	-0.008555	-0.261085	0.087236	0.182575	-0.271870	0.124013	0.023968	
-1.270827	0.762595	-0.410969	-0.232509	0.074460	0.009927	-0.010326	0.142762	0.046767	-0.058471	0.036852	0.020766	
-2.579502	2.812825	-1.762739	0.875501	-0.667525	0.667088	-0.598322	0.446492	-0.240970	0.112679	-0.066201	0.030618	
-0.778659	0.100682	-0.355794	0.091085	-0.171293	0.085391	-0.023087	0.065354	-0.034315	0.028999	0.018921	0.042621	
-2.681752	3.859295	-3.429744	1.705844	0.008943	-0.608626	0.396614	-0.018507	-0.129619	0.085899	-0.084376	0.057791	
-1.845991	1.183446	-0.225139	-0.282645	0.092994	0.373033	-0.206637	-0.120819	0.130425	0.127180	-0.352707	0.213429	
-2.681470	4.205303	-4.964436	4.767579	-3.866699	2.944961	-2.081068	1.552613	-1.184126	0.739950	-0.329618	0.123628	
-1.642844	1.520952	-1.103696	0.661718	-0.550681	0.542741	-0.480103	0.311831	-0.220044	0.152485	-0.102938	0.032475	
-2.222565	2.127861	-1.071868	0.029941	0.012305	0.800952	-1.172727	0.738053	-0.132765	-0.078144	-0.053085	0.097332	
-1.558195	0.959561	-0.323032	-0.168801	-0.007380	0.245535	-0.186511	-0.036328	0.183341	0.011730	-0.128515	0.097254	
-2.538701	2.724863	-1.629060	0.485224	-0.487650	1.606077	-2.126533	1.551456	-0.678432	0.350556	-0.448155	0.253511	
-1.144498	0.820805	-0.753367	0.571049	-0.617416	0.477653	-0.414096	0.361357	-0.325173	0.229899	-0.092916	0.075514	
-2.148900	2.416537	-1.670816	0.457404	0.330230	-0.331620	0.107902	0.102330	-0.176709	0.154334	-0.180208	0.163072	
-1.609870	0.953462	-0.457747	0.189283	-0.065918	0.125602	0.106036	-0.208982	-0.035840	0.188145	-0.163343	0.071916	
-2.350911	3.543483	-4.266850	3.901490	-3.429792	2.650218	-1.931111	1.477196	-0.717670	0.174005	0.129995	-0.103429	
-0.081948	0.199462	-0.411196	-0.177725	-0.392172	0.006823	-0.130334	0.124920	-0.066219	0.109584	0.041922	0.072960	
-2.105040	1.743919	-0.569087	-0.224192	0.155302	0.275704	-0.272318	0.032166	0.056386	0.049543	-0.174514	0.124766	
-1.271388	0.251661	-0.008372	-0.030330	-0.016060	0.071286	0.037063	0.014592	0.005835	-0.023172	-0.031910	0.052374	
-1.855246	1.771155	-1.268728	0.736060	-0.870049	1.156382	-1.156423	0.851507	-0.530260	0.476283	-0.407470	0.216015	
-0.848039	0.424215	-0.547359	0.178207	-0.350968	0.189744	-0.174972	0.135414	-0.066282	0.076058	0.033259	0.043780	
-2.599224	3.866446	-3.899061	2.650068	-0.928089	-0.148842	0.494679	-0.279627	-0.013987	0.157883	-0.166464	0.116484	
-1.861427	1.113944	-0.147841	-0.157404	-0.050630	0.201093	-0.009087	-0.089222	-0.005403	0.010957	0.048237	-0.011451	
-2.808724	4.150493	-4.283959	3.609576	-3.123902	3.236517	-3.329472	3.200846	-2.778024	2.056622	-1.195792	0.416604	
-1.862241	1.437472	-0.972456	0.792080	-0.505809	0.362164	-0.004194	-0.282680	0.117927	0.157009	-0.192650	0.078004	
-1.958403	1.609558	-0.710747	0.150009	-0.325710	0.871804	-0.823386	0.374712	-0.026843	-0.031959	-0.127761	0.136744	
-1.517507	0.589728	-0.055019	-0.142116	0.056433	0.217219	-0.016910	-0.101383	-0.011806	0.042432	-0.079733	0.075085	
-2.380023	2.546088	-1.965934	1.471719	-1.629634	2.164219	-2.067206	1.572299	-1.123655	0.923450	-0.802092	0.342388	
-1.339574	0.933123	-0.549746	0.218443	-0.348335	0.380636	-0.295866	0.170917	-0.085657	0.083305	-0.015084	-0.022528	
-2.250911	2.751213	-2.254820	1.054996	-0.007294	-0.378569	0.342991	-0.003013	-0.215484	0.217415	-0.132155	0.092256	
-1.419843	1.212771	-0.743973	-0.087144	-0.009706	-0.117726	-0.034468	0.242672	0.044923	-0.124027	0.268698	-0.108146	
-0.757781	0.216765	-0.533961	0.255739	-0.387269	0.243788	-0.202463	0.226121	-0.157030	0.140643	-0.052535	0.093527	
0.172625	1.035986	0.195041	0.499432	-0.117868	0.039371	-0.428835	-0.182533	-0.439070	-0.118870	-0.168144	-0.049999	
-1.821667	1.745745	-1.097853	0.209787	0.126556	-0.122982	-0.053636	0.159650	-0.011404	-0.146236	0.214680	-0.029367	
-1.338219	0.545527	-0.114451	-0.100488	-0.104421	0.048132	0.078293	-0.005452	-0.088271	0.037786	0.129217	-0.031788	
-2.207468	2.295900	-1.941103	1.569487	-1.077960	0.693684	-0.184327	-0.209880	0.142639	0.105765	-0.181388	0.084430	
-0.707022	0.101029	-0.454824	0.154268	-0.273787	0.141595	-0.121284	0.130093	-0.047580	0.083450	-0.007566	0.063246	
-2.639332	3.799444	-3.585634	2.357798	-1.138229	0.750585	-0.491150	-0.034885	0.579015	-0.738398	0.440010	-0.099870	
-1.821999	1.062725	-0.149716	-0.083915	-0.233566	0.653357	-0.404611	-0.111018	0.280339	-0.077743	-0.189684	0.162027	
-1.376289	0.728471	-0.156355	-0.230904	-0.203620	0.229532	-0.120296	0.026701	0.141215	0.015600	0.052139	-0.035785	
-1.434393	1.208635	-1.013129	0.848046	-0.886624	0.802345	-0.614897	0.382556	-0.380478	0.383909	-0.260980	0.117629	
-2.260298	1.947648	-0.627708	0.007078	-0.735561	1.564801	-1.134581	0.088565	0.379058	0.035726	-0.473764	0.277324	
-1.401517	0.625847	-0.147491	-0.038460	-0.283208	0.444700	-0.204118	-0.113306	0.226389	0.066925	-0.175345	0.091136	
-2.620061	3.423002	-3.078375	1.977105	-1.237989	1.346285	-1.440131	1.206493	-0.795464	0.463265	-0.380756	0.217566	
-0.672804	0.770120	-0.647276	0.300258	-0.660232	0.228755	-0.494151	0.286118	-0.217424	0.283786	-0.092125	0.155300	
-1.661081	1.591189	-1.294720	0.480018	0.103164	-0.487135	0.396539	0.038307	-0.337625	0.371240	-0.321214	0.256551	
-1.068990	0.925717	-0.752273	0.165109	-0.302741	0.096950	-0.134206	0.084964	-0.060102	0.145002	-0.032134	0.073600	
-2.356555	2.491379	-1.711344	1.133340	-1.222631	1.451520	-0.891136	0.130853	-0.114612	0.616935	-0.719609	0.303159	
0.335092	0.721531	-0.083116	-0.043967	-0.525921	-0.259176	-0.445145	-0.050115	-0.116325	0.151439	0.063478	0.107765	
-2.192228	1.858016	-0.617861	-0.116046	-0.108185	0.583844	-0.270434	-0.350344	0.375693	0.103758	-0.393675	0.222556	
-1.155426	0.078236	0.000394	0.030932	0.010875	0.039772	0.009268	0.021813	-0.004192	-0.007937	-0.000911	0.028227	
-1.737935	1.590008	-1.448977	1.370847	-1.349999	1.346787	-1.037139	0.735747	-0.647343	0.513370	-0.325601	0.138599	
-0.954970	0.240797	-0.391998	0.250513	-0.263166	0.131323	-0.115349	0.143867	-0.085561	0.083781	-0.063105	0.081112	
-2.412240	3.320960	-3.281116	2.215183	-0.730511	-0.325845	0.771496	-0.614383	0.258028	-0.050408	0.062120	0.014321	
-1.752801	0.802226	0.115559	-0.081631	-0.176286	0.176603	0.028639	-0.081779	-0.019174	0.003361	0.013686	0.028501	
-2.666562	3.324811	-3.164583	3.033913	-3.228469	3.481002	-3.025861	2.189669	-1.690485	1.475760	-1.054034	0.366513	
-1.587394	1.111527	-0.844749	0.862289	-0.608427	0.183859	0.077931	-0.158137	0.094171	-0.063286	0.075246	-0.018898	
-1.516259	0.794289	-0.317416	0.130469	-0.553996	1.224875	-0.991040	0.455128	-0.219342	0.340835	-0.449341	0.210470	
-1.494612	0.410919	0.112657	0.016385	-0.078898	0.060964	0.007143	-0.004283	-0.000116	-0.019748	-0.000774	0.034191	
-1.976558	2.023074	-2.193115	2.334800	-2.264797	2.127647	-1.800803	1.449006	-1.220261	0.810835	-0.382377	0.156629	
-1.350021	0.609196	-0.346188	0.317909	-0.359739	0.223306	-0.146792	0.138658	-0.100916	0.062909	-0.030980	0.045239	
