-1.190598	0.242920	-0.244731	0.325002	-0.228358	0.233649	-0.078337	0.053750	-0.079160	0.023267	-0.011970	0.012357	
-1.554946	1.103906	-0.332491	-0.246629	0.040827	0.092910	-0.202817	0.091033	0.090899	-0.011567	-0.019515	0.111847	
-1.867949	1.586552	-0.693174	-0.113224	0.107987	0.212675	-0.256917	0.017345	0.171245	-0.007622	-0.206865	0.197696	
-1.770099	1.694248	-1.444065	0.961157	-0.616888	0.288614	-0.034060	-0.121349	0.280790	-0.394563	0.449504	-0.158471	
0.471520	1.261949	0.375226	0.773117	0.004215	0.236237	-0.337178	0.002788	-0.298412	-0.043555	-0.141936	-0.055556	
-1.899419	1.651722	-0.839139	0.243098	-0.391192	0.759539	-0.787512	0.350763	-0.057675	0.203151	-0.381211	0.291371	
-1.466779	0.604189	-0.034127	-0.096207	-0.222662	0.354866	-0.009855	-0.158741	0.035234	0.100868	0.003413	-0.021831	
-2.016382	2.638027	-2.598669	1.972579	-1.597103	1.251131	-1.299000	1.354299	-1.041422	0.649344	-0.130225	0.039573	
-0.687620	0.038419	-0.384227	0.109651	-0.219697	0.097914	-0.070698	0.092296	-0.033322	0.059565	0.004830	0.062362	
-1.880326	1.813398	-1.100795	0.133631	0.288710	-0.161695	0.004436	0.135150	-0.194425	0.113384	-0.023920	0.077588	
-1.223217	0.538448	-0.310618	-0.064668	0.081634	-0.027428	-0.038062	0.129580	-0.011265	-0.061829	0.031561	0.072329	
-1.984321	2.398487	-2.199526	1.295437	-0.440370	-0.232010	0.391330	-0.110371	-0.163144	0.275371	-0.186129	0.146769	
-0.009698	0.118965	-0.583096	-0.106036	-0.319104	0.032402	-0.166079	0.116918	-0.040835	0.155134	0.074740	0.129120	
-1.016979	0.842043	-0.728805	0.420905	-0.515439	0.316305	-0.363028	0.218291	-0.270298	0.225630	-0.050028	0.096142	
-1.145316	0.083054	-0.003961	0.032658	-0.009219	0.041247	0.006426	0.018725	0.009704	-0.000172	-0.018850	0.042008	
-1.650603	1.932304	-1.750902	1.220982	-1.209273	0.960233	-0.951839	0.803791	-0.558933	0.468301	-0.198853	0.112555	
-0.851684	0.289936	-0.533208	0.312253	-0.415651	0.250910	-0.223137	0.211051	-0.140267	0.147384	-0.075442	0.100874	
-1.578132	1.221115	-0.832737	0.144540	0.211500	-0.229120	0.111121	0.135695	-0.194508	0.067194	0.006209	0.062400	
-1.728536	1.109110	-0.206150	-0.125024	-0.385501	0.933791	-0.663577	0.022730	0.217323	0.096292	-0.422784	0.306243	
-2.295944	2.535870	-1.660982	0.591147	-0.382338	0.632932	-0.597631	0.127722	0.340317	-0.322197	0.040802	0.097603	
-0.177842	1.255679	0.260093	0.768278	0.074414	0.358342	-0.196842	-0.070639	-0.361963	-0.102118	-0.162923	-0.147988	
-1.765074	1.197282	-0.514439	0.384614	-0.990960	1.343307	-0.783734	0.205394	-0.203142	0.525165	-0.564376	0.252384	
-1.507102	0.597195	-0.151081	0.294166	-0.710421	0.883967	-0.285640	-0.050394	-0.157557	0.325528	-0.220718	0.069827	
-2.617891	3.717571	-4.210853	4.183461	-3.744241	3.213140	-2.572494	2.027167	-1.622037	1.063751	-0.529761	0.198583	
-0.722849	0.124430	-0.465738	0.181704	-0.304015	0.180065	-0.152118	0.174210	-0.118031	0.130954	-0.057306	0.094460	
-1.694232	1.820621	-1.500094	0.517048	0.145390	-0.558180	0.420823	0.028389	-0.366225	0.475393	-0.306599	0.197546	
-1.746173	1.099534	-0.199021	-0.261910	0.032362	0.299477	-0.113993	-0.148039	0.150094	0.100516	-0.273440	0.180920	
-2.179308	3.023157	-3.232351	2.506024	-1.581965	0.466132	0.184753	-0.309028	0.190019	0.029712	0.005320	0.030777	
0.209361	0.764130	-0.171500	0.259716	-0.238381	0.042091	-0.405609	-0.116677	-0.356552	0.037641	-0.036407	0.059600	
-1.265489	1.369350	-1.124720	0.748902	-0.828989	0.602295	-0.662269	0.506775	-0.459404	0.382335	-0.172054	0.129158	
-1.457730	0.581824	-0.085969	-0.167140	0.064645	0.174498	-0.052497	-0.045363	0.071564	0.055409	-0.167508	0.107640	
-2.055002	1.893551	-1.274231	1.001771	-1.351841	1.667979	-1.296956	0.700515	-0.396494	0.533218	-0.585478	0.277984	
-1.151307	0.679509	-0.517537	0.247909	-0.294247	0.163613	-0.124884	-0.012778	0.005861	0.038109	0.067040	0.015962	
-1.777749	1.446638	-0.656511	-0.109418	0.250377	-0.057069	-0.134946	0.244774	-0.060452	-0.171360	0.269715	-0.082688	
-2.093165	1.644886	-0.337549	-0.398926	0.059744	0.400689	-0.162114	-0.172547	0.107936	0.104671	-0.203707	0.134183	
-2.272802	2.348956	-1.213060	0.010075	0.161301	0.236559	-0.323187	0.023446	0.250059	-0.226215	0.067745	0.053995	
0.418372	1.071635	0.188644	0.537399	-0.087056	0.076057	-0.404899	-0.146814	-0.418727	-0.131856	-0.152090	-0.036223	
-2.157300	2.018059	-0.864604	-0.097037	-0.116168	0.802790	-1.153664	1.051054	-0.589579	0.208949	-0.072201	0.057801	
-1.720378	0.919942	0.025305	-0.215849	-0.151177	0.168092	0.092801	-0.058732	-0.086661	0.049050	0.086531	-0.031351	
-2.446130	3.421847	-3.638709	3.130998	-2.299648	1.592896	-1.056845	0.852533	-0.698163	0.424349	-0.172139	0.107223	
-0.870581	0.123169	-0.323809	0.139014	-0.162955	0.079715	-0.048425	0.059023	-0.019647	0.041054	-0.008357	0.051763	
-1.678137	1.764198	-1.293220	0.349080	-0.021531	-0.232171	0.015670	0.176083	-0.032944	-0.054551	0.251491	-0.058620	
-1.427339	0.902278	-0.413089	-0.106308	0.083769	-0.106667	0.008255	0.183583	-0.064232	-0.082593	0.223160	-0.068047	
-2.261574	3.097586	-2.769918	1.370793	-0.079288	-0.547163	0.249038	0.355499	-0.658617	0.627803	-0.297094	0.140568	
0.161807	0.613382	-0.346170	-0.060328	-0.666107	-0.276197	-0.541389	-0.021653	-0.110629	0.289935	0.158597	0.226429	
-1.364724	0.985240	-0.602138	0.202151	-0.292739	0.294240	-0.302158	0.193451	-0.179775	0.210520	-0.096293	0.074240	
-1.340433	0.290301	0.053034	-0.022883	-0.048285	0.062687	0.048079	0.013896	-0.002587	-0.008360	-0.038390	0.049017	
-1.962258	2.346083	-2.172172	1.432172	-0.922844	0.492074	-0.388718	0.561020	-0.522449	0.354507	-0.034096	-0.011390	
-0.941853	0.436731	-0.454803	0.158086	-0.326611	0.197877	-0.124185	0.087310	-0.168986	0.097412	0.058102	0.066362	
-1.440515	1.202708	-0.812362	0.233457	-0.204986	0.022968	-0.073966	0.016653	0.162005	-0.194731	0.290631	-0.053129	
-1.733912	1.270326	-0.354107	-0.262521	-0.084232	0.547443	-0.622640	0.283489	0.040454	0.056476	-0.171032	0.157287	
-1.995977	2.378857	-2.190267	1.403469	-0.870621	0.454679	-0.278813	0.197971	0.108757	-0.351913	0.493502	-0.210493	
-0.256383	1.032240	0.095635	0.460887	-0.158730	0.114695	-0.353137	-0.166174	-0.409924	-0.119586	-0.150876	-0.124550	
-2.068158	1.736959	-0.894785	0.546491	-0.897976	1.088228	-0.467682	-0.109541	0.061103	0.357231	-0.504690	0.227987	
-1.797539	1.074526	-0.371656	0.497429	-0.669878	0.475892	0.003259	-0.230514	0.104222	0.091795	-0.121463	0.064796	
-2.580643	3.441385	-3.454013	2.867050	-2.364803	2.338032	-2.295991	2.078926	-1.685457	1.004356	-0.314668	0.038173	
-0.783877	0.190704	-0.476632	0.225374	-0.315889	0.150010	-0.107667	0.100431	-0.015671	0.030141	0.033008	0.037927	
-2.204590	2.563872	-1.825208	0.480560	0.351190	-0.375630	0.077536	0.207217	-0.281200	0.206780	-0.090333	0.075374	
-1.557561	0.947929	-0.262509	-0.130675	-0.248410	0.463255	-0.277198	-0.063502	0.281197	-0.035158	-0.093684	0.077474	
-2.513027	3.388199	-3.158346	1.951301	-0.778627	0.111565	0.206320	-0.288955	0.252947	-0.175884	0.146600	-0.031475	
-0.359612	0.976189	-0.396302	0.477680	-0.487815	0.187550	-0.522597	0.066574	-0.396411	0.157186	-0.105872	0.047322	
-1.528857	1.319567	-1.033632	0.671511	-0.535265	0.388706	-0.346615	0.257241	-0.196235	0.139221	-0.059265	0.070067	
-1.545038	0.516451	0.081831	0.039248	-0.141556	0.102356	-0.006285	0.049927	-0.048335	-0.051413	0.029976	0.042268	
-2.432703	2.782263	-1.921011	0.775479	-0.623429	1.300453	-1.593014	1.082465	-0.271777	-0.093415	-0.007962	0.082004	
