-1.436053	0.737744	-0.177168	-0.208162	-0.020480	0.202412	-0.122982	-0.024326	0.139126	0.040810	-0.142043	0.119206	
-1.747473	1.174722	-0.264310	-0.256564	-0.032675	0.414382	-0.289870	-0.041163	0.163264	0.068768	-0.254592	0.186356	
0.442092	1.146329	0.262211	0.627980	-0.051824	0.141246	-0.376800	-0.085194	-0.368326	-0.094440	-0.146250	-0.042596	
-1.964171	1.612558	-0.721289	0.193389	-0.567740	1.091864	-0.819245	0.207109	-0.024942	0.347758	-0.566226	0.314588	
-1.614016	0.832861	-0.274621	0.352164	-0.841280	0.996267	-0.427636	0.057247	-0.167743	0.356858	-0.295725	0.118399	
-1.690066	1.750348	-1.342429	0.399734	0.128631	-0.406806	0.226962	0.117271	-0.287603	0.310589	-0.139096	0.125533	
-0.712594	0.128837	-0.476553	0.182439	-0.304627	0.173482	-0.143205	0.157720	-0.092294	0.114053	-0.038678	0.079931	
-2.053705	2.578802	-2.364781	1.320064	-0.346642	-0.286368	0.310588	0.079452	-0.384643	0.447625	-0.262752	0.158740	
-1.162013	0.111754	-0.016383	0.037778	-0.020114	0.051568	0.004114	0.019593	0.011461	-0.002621	-0.022082	0.043663	
-1.429261	0.926209	-0.458802	-0.080880	0.106112	-0.079459	-0.045504	0.186371	-0.056270	-0.068985	0.144450	-0.003827	
-0.027253	0.850777	-0.209850	0.332397	-0.325416	0.056250	-0.448933	-0.074067	-0.363804	0.068247	-0.062466	0.050411	
-2.017911	2.006460	-1.427800	0.939303	-1.114771	1.390507	-1.226003	0.743663	-0.418981	0.449148	-0.443511	0.232718	
-1.040822	0.895769	-0.678214	0.375391	-0.474528	0.322511	-0.407549	0.258449	-0.303778	0.244372	-0.083070	0.102180	
-2.304876	2.430096	-1.335600	0.202487	-0.144394	0.606668	-0.716158	0.336562	0.130280	-0.251537	0.110188	0.033340	
-0.876803	0.313736	-0.510405	0.284079	-0.388886	0.236868	-0.202118	0.184266	-0.139182	0.127585	-0.039272	0.084699	
-2.599267	3.579478	-3.832433	3.525255	-3.054522	2.775586	-2.434243	2.053046	-1.653747	1.034054	-0.422214	0.118378	
-1.660265	0.822586	0.022878	-0.176850	-0.148512	0.200151	0.061486	-0.075515	-0.052310	0.052036	0.060359	-0.024858	
-1.955522	1.621820	-0.573713	-0.223453	0.106594	0.281140	-0.269267	0.021198	0.107207	0.001355	-0.134810	0.139036	
-0.198409	1.181488	0.210590	0.670770	-0.006272	0.277223	-0.259916	-0.108398	-0.394171	-0.114933	-0.164101	-0.147192	
-1.425201	1.378347	-1.062855	0.728876	-0.812432	0.617718	-0.598598	0.446143	-0.370771	0.307322	-0.135002	0.102174	
-1.554155	0.822397	-0.203369	0.111145	-0.474045	0.521760	-0.146755	-0.147360	0.161196	0.048589	-0.078809	0.050878	
-2.168110	2.437532	-1.645028	0.365319	0.342842	-0.289916	0.021112	0.156113	-0.161072	0.102082	-0.037621	0.070536	
-0.778242	0.091551	-0.369605	0.142978	-0.209156	0.097363	-0.061665	0.074050	-0.023184	0.036092	0.010773	0.054545	
-2.305450	3.109859	-3.091603	2.171847	-1.189787	0.346164	0.119032	-0.245635	0.231800	-0.142476	0.149234	-0.027439	
-1.411020	0.389918	0.036102	-0.017052	-0.060742	0.092058	0.023704	0.015358	-0.018379	-0.008783	-0.027223	0.049193	
-1.691181	1.506657	-0.926293	0.105746	0.155762	-0.156013	-0.013851	0.166241	-0.055455	-0.094590	0.215201	-0.045097	
0.139421	0.431561	-0.457871	-0.104819	-0.541687	-0.135281	-0.370421	0.055795	-0.070309	0.228990	0.131059	0.176441	
-1.924313	2.414296	-2.259399	1.566239	-1.235027	0.930257	-0.905661	0.890554	-0.621498	0.335860	0.021107	-0.014005	
-1.404313	1.076267	-0.792826	0.451385	-0.363939	0.218918	-0.142187	0.036728	-0.083128	0.103272	0.002501	0.033890	
-1.857340	1.875025	-1.574013	0.971019	-0.574942	0.267616	-0.106064	0.045610	0.130502	-0.272286	0.338119	-0.114423	
-1.083262	0.488746	-0.417480	0.193929	-0.247057	0.152453	-0.088262	0.036975	-0.089914	0.048201	0.066290	0.030281	
-2.229977	3.086053	-3.262563	2.699800	-2.072330	1.491594	-1.238576	1.221582	-0.991256	0.645798	-0.231533	0.085219	
