-2.025524	1.771761	-0.881211	0.349161	-0.902292	1.577250	-1.239023	0.509124	-0.176896	0.428747	-0.640509	0.338317	
-1.793120	1.162447	-0.241355	-0.259433	0.043617	0.382077	-0.178217	-0.190806	0.198627	0.131517	-0.341349	0.206139	
-1.745042	1.120561	-0.321981	0.177477	-0.666485	0.883451	-0.362660	-0.186309	0.211721	0.159826	-0.306609	0.162373	
0.471204	1.281549	0.398400	0.801427	-0.003658	0.233958	-0.347849	0.017183	-0.257793	-0.005725	-0.117053	-0.050666	
-2.456699	2.675310	-1.411272	0.105206	-0.042483	0.579129	-0.588849	0.034988	0.441477	-0.414483	0.108124	0.061624	
-1.734641	1.053242	-0.248902	0.033621	-0.331168	0.484598	-0.208502	-0.151498	0.340364	-0.095163	-0.135996	0.104372	
-1.893116	1.676945	-0.774757	-0.077578	0.060235	0.243172	-0.258979	-0.038292	0.257752	-0.039369	-0.221591	0.216301	
-0.971963	0.441604	-0.419108	0.116233	-0.285600	0.197647	-0.069108	0.017217	-0.147265	0.043013	0.108725	0.057161	
-2.898934	4.277240	-4.110064	2.674831	-1.290286	0.650065	-0.226530	0.016763	-0.100210	0.252996	-0.299977	0.176522	
-1.254806	0.940010	-0.403950	-0.280568	-0.059304	0.009196	-0.171876	0.194039	0.085305	0.007153	0.073777	0.049194	
-1.154271	0.959412	-0.696254	0.299919	-0.337063	0.171252	-0.179498	0.003819	-0.029519	0.047443	0.022724	0.053034	
0.255355	0.906679	-0.145464	0.298198	-0.513777	-0.146531	-0.601408	-0.047667	-0.246906	0.216148	0.037197	0.184127	
-1.941683	2.428200	-2.346881	1.491203	-0.625114	-0.202083	0.435778	-0.186852	-0.129734	0.302901	-0.215457	0.173535	
-1.323818	0.502833	-0.051255	-0.214085	-0.095401	0.154318	0.041306	-0.022070	0.037728	0.052817	-0.004284	0.001284	
-1.703793	1.798198	-1.623562	0.714729	0.044155	-0.432549	0.426068	0.030699	-0.451422	0.579169	-0.507191	0.294238	
-0.679867	0.047947	-0.402854	0.097085	-0.197114	0.077214	-0.055363	0.075554	-0.026277	0.062881	-0.002556	0.069936	
-2.017917	2.570688	-2.426019	1.794966	-1.448358	1.167633	-1.226216	1.212500	-0.895666	0.518602	-0.033804	0.025389	
-1.885444	1.363342	-0.330106	-0.250963	-0.226946	0.971034	-0.773264	0.095874	0.203078	0.134986	-0.527454	0.342493	
-2.126082	1.907221	-1.066698	0.467623	-0.625230	0.978972	-0.505252	-0.103044	0.086705	0.387187	-0.631508	0.306638	
-0.211072	1.273417	0.202945	0.782093	0.028334	0.404921	-0.222897	0.007568	-0.372992	-0.000355	-0.179711	-0.088814	
-2.100768	2.543056	-2.313631	1.578719	-0.986411	0.503877	-0.287229	0.469986	-0.559987	0.461673	-0.181719	0.068206	
-1.698016	0.924923	0.042167	-0.294453	-0.180478	0.244772	0.082918	-0.123325	-0.027858	0.078729	0.042828	-0.019711	
-1.505046	1.752830	-1.448275	0.471473	-0.126536	-0.450854	0.167922	0.129640	-0.133560	0.240874	0.017400	0.076109	
-0.958274	0.550067	-0.550568	0.257406	-0.428646	0.222573	-0.213252	0.118501	-0.130414	0.133682	0.031671	0.071097	
-2.633754	3.754902	-3.997327	3.432849	-2.759666	2.465902	-2.097775	1.762668	-1.563784	1.118869	-0.613361	0.249185	
-1.456618	1.248774	-0.851214	0.213849	-0.214169	0.022483	-0.087980	0.050454	0.222911	-0.260141	0.341376	-0.072975	
-1.508355	1.351859	-1.027275	0.522774	-0.434440	0.376712	-0.380587	0.309075	-0.281970	0.242811	-0.145116	0.113396	
0.356390	0.563373	-0.345827	-0.262965	-0.686390	-0.371986	-0.516252	-0.086911	-0.037809	0.310199	0.245617	0.222478	
-2.259925	3.217138	-3.409111	2.553201	-1.417054	0.131566	0.640421	-0.722882	0.500077	-0.155172	0.058412	0.007949	
-0.957073	0.153539	-0.330460	0.179688	-0.123925	0.101466	-0.019952	0.003848	0.015271	-0.045147	0.052512	0.025680	
-2.298630	2.857850	-2.083024	0.551350	0.519959	-0.575288	0.114823	0.245445	-0.245476	0.101480	0.006497	0.046671	
-0.702611	0.192937	-0.550044	0.211064	-0.379069	0.213175	-0.167600	0.173707	-0.088225	0.111808	-0.031253	0.088546	
-2.123784	2.177579	-1.638854	1.159619	-1.160552	1.359122	-1.342625	0.942725	-0.524106	0.480670	-0.490149	0.271139	
-1.727052	1.328435	-0.478603	-0.225746	0.146196	0.130303	-0.183820	0.013016	0.120739	0.031139	-0.203629	0.195636	
-1.669987	1.152491	-0.657567	0.587340	-0.954852	1.019618	-0.674887	0.248009	-0.078112	0.219906	-0.219011	0.127004	
0.562290	0.993992	0.269262	0.408093	0.040902	0.128811	-0.235661	-0.205871	-0.464770	-0.294345	-0.205967	-0.083893	
-1.914960	1.921635	-1.695565	1.147802	-0.606832	0.272462	0.032350	-0.208273	0.317603	-0.454285	0.381202	-0.078391	
-1.488917	0.707296	-0.123033	-0.250238	0.023273	0.280775	-0.113766	-0.088814	0.146545	0.098840	-0.208369	0.108558	
-2.024204	1.685052	-0.531809	-0.266945	0.043988	0.498817	-0.598787	0.282080	0.026232	-0.080980	0.003894	0.072882	
-1.448816	0.514774	-0.082966	0.217000	-0.453678	0.439382	0.060137	-0.253738	0.018961	0.092547	0.015689	-0.013128	
-2.155427	2.915179	-3.144548	2.720097	-2.213890	1.604228	-1.226066	1.219232	-0.908482	0.522301	-0.117551	-0.003247	
-1.345163	0.681690	-0.441977	-0.072169	0.327889	-0.014950	-0.031142	0.150025	-0.143322	-0.037936	-0.048846	0.127946	
-0.817406	0.986185	-0.774277	0.474821	-0.572889	0.270784	-0.486918	0.252540	-0.373104	0.350520	-0.140235	0.167437	
-0.274088	1.065369	-0.353291	0.524942	-0.608788	0.143110	-0.645672	0.123274	-0.401606	0.184373	-0.107686	0.079734	
-2.413026	3.398258	-3.115781	1.625749	0.067146	-0.843301	0.665775	-0.071293	-0.362434	0.447017	-0.256252	0.126402	
-1.548870	0.452471	0.054837	0.118162	-0.100126	0.091602	0.032072	-0.005074	-0.043182	-0.039596	-0.020908	0.059353	
-1.931742	2.003963	-1.336409	0.304109	0.260043	-0.260582	0.054427	0.179851	-0.270887	0.212000	-0.054000	0.065631	
-0.751615	0.142735	-0.456479	0.179566	-0.260908	0.119130	-0.083717	0.075358	0.015604	-0.005983	0.051309	0.040793	
-2.709958	3.154369	-1.786425	0.354321	-0.568513	1.895110	-2.312574	1.091758	0.268906	-0.414520	0.023633	0.076998	
-1.524191	1.136863	-0.474540	-0.029959	-0.272103	0.400882	-0.518816	0.353414	-0.099573	0.231197	-0.214470	0.164088	
-2.228307	2.066269	-0.843305	-0.270656	0.047293	0.941770	-1.278865	0.999664	-0.584186	0.435869	-0.438762	0.215332	
-0.285782	1.098333	-0.008150	0.531951	-0.268705	0.184428	-0.433661	-0.129877	-0.447883	-0.088096	-0.149174	-0.143094	
-2.258130	2.560947	-1.812464	0.786916	-0.494285	0.806921	-0.963544	0.541019	0.132969	-0.370384	0.139385	0.075202	
-1.624635	0.826768	-0.082336	-0.142087	-0.037687	0.081647	-0.040375	0.079780	0.032027	-0.089123	0.033671	0.037982	
-1.892997	1.925491	-1.295408	0.329374	0.127131	-0.120795	-0.074209	0.148405	0.050447	-0.248527	0.330125	-0.075844	
-0.814630	0.295037	-0.556268	0.307103	-0.444645	0.283719	-0.252806	0.227431	-0.176300	0.177977	-0.096294	0.126429	
-2.672531	3.554801	-4.005811	4.315937	-4.210572	3.852780	-3.139999	2.303640	-1.523026	0.754955	-0.266416	0.063548	
-1.433915	1.201279	-0.741748	-0.064817	0.138253	-0.210255	-0.009582	0.214881	-0.034432	-0.060042	0.165083	-0.000599	
-1.506957	1.636744	-1.363979	0.773976	-0.809415	0.614164	-0.734708	0.619818	-0.367537	0.338786	-0.117045	0.107786	
-0.001987	0.262879	-0.665382	-0.258157	-0.488207	-0.042178	-0.204801	0.129632	0.027593	0.203421	0.148922	0.147385	
-1.995702	2.672210	-2.723894	1.944808	-1.289874	0.484605	-0.195803	0.131011	0.077826	-0.161745	0.311292	-0.094060	
-1.236824	0.264722	-0.097801	-0.019218	0.054570	0.054778	-0.021245	0.023577	0.038386	-0.008448	-0.052590	0.060602	
-2.268923	2.629616	-1.838173	0.512600	0.109397	0.028020	-0.212268	0.238580	-0.258371	0.280987	-0.241199	0.161493	
-0.852847	0.300947	-0.454250	0.149959	-0.239949	0.080308	-0.100997	0.136442	-0.112732	0.156505	-0.057652	0.072849	
-1.931914	1.376896	-0.488189	0.314110	-0.966138	1.459322	-0.806196	0.031737	-0.062306	0.562728	-0.758815	0.363083	
-1.947906	1.307181	-0.127384	-0.291015	-0.101902	0.287087	0.009126	-0.119445	-0.008968	0.065517	-0.040235	0.046347	
-1.608971	0.796486	-0.199308	0.214263	-0.655927	0.802640	-0.147713	-0.206431	-0.070508	0.300204	-0.137988	-0.002827	
0.329400	1.180652	0.172576	0.688784	-0.150309	0.088222	-0.506013	-0.068493	-0.377069	-0.010819	-0.124527	-0.008553	
-2.210701	2.307330	-1.405877	0.324042	-0.095293	0.247120	-0.174565	-0.110507	0.249791	-0.117657	-0.016153	0.073813	
-1.364092	0.818887	-0.323671	-0.063901	-0.308677	0.322640	-0.174237	-0.064770	0.220595	0.018057	-0.021600	0.048753	
-2.135121	1.736971	-0.375213	-0.447553	0.114522	0.393823	-0.174061	-0.214588	0.137721	0.167371	-0.293637	0.172327	
-1.297600	0.522223	-0.331967	0.234952	-0.171723	0.125354	-0.081269	0.071492	-0.089317	0.071018	-0.000697	0.011106	
-2.507900	3.513255	-3.704771	3.134332	-2.236746	1.497273	-0.884895	0.585277	-0.449941	0.243999	-0.102548	0.101896	
-1.159233	0.727103	-0.401177	-0.119652	-0.089469	-0.097741	0.047127	0.126990	-0.006066	-0.011891	0.161968	-0.040180	
-1.226564	0.798200	-0.652888	0.301712	-0.253822	0.197330	-0.240028	0.231901	-0.279488	0.231979	-0.024859	0.012664	
0.073269	0.465311	-0.371569	0.131223	-0.427534	-0.019485	-0.420724	0.032998	-0.197450	0.160612	0.039568	0.155647	
-2.017026	2.415385	-2.089626	1.079003	-0.233122	-0.281688	0.366312	-0.045317	-0.226862	0.312189	-0.178316	0.120036	
-1.342635	0.330914	0.117298	-0.068624	-0.144868	0.012631	0.083541	0.078496	0.012315	-0.034099	-0.052935	0.073810	
-1.942879	1.811214	-1.214625	0.113310	1.029821	-1.376964	1.229530	-0.472502	-0.308505	0.415468	-0.321498	0.195100	
-0.679991	-0.113582	-0.089822	0.006322	-0.188534	0.067347	-0.014160	0.083014	-0.072358	0.026105	0.027068	0.061049	
-1.540765	1.876176	-1.881816	1.396309	-1.360741	1.008904	-0.947466	0.822146	-0.538636	0.349566	-0.034962	0.034552	
-1.648619	1.042774	-0.142626	-0.314266	-0.217752	0.732280	-0.667567	0.176602	0.214659	-0.050240	-0.173580	0.175913	
-1.969037	1.843291	-0.937585	0.215460	-0.408288	0.805565	-0.875456	0.392810	0.027998	0.060204	-0.275479	0.268253	
-0.141239	1.213239	0.319509	0.722346	0.108311	0.278307	-0.169994	-0.179713	-0.344729	-0.221014	-0.141388	-0.213296	
-1.783215	2.114084	-1.963577	1.247548	-0.853805	0.380013	-0.299935	0.428846	-0.313377	0.183356	0.118469	-0.084884	
-1.616370	0.685315	0.040855	-0.085121	-0.113739	0.174446	0.082509	-0.120803	-0.058461	0.074328	0.042309	-0.028846	
-1.545031	1.579523	-1.131683	0.176386	0.057005	-0.341959	0.105830	0.212071	-0.120556	0.085282	0.157520	-0.049888	
-0.859804	0.261237	-0.505284	0.279509	-0.343149	0.196118	-0.146171	0.114717	-0.050435	0.063824	0.016054	0.033973	
-2.457029	3.253307	-3.329266	2.919386	-2.488185	2.317760	-2.401422	2.383208	-1.964394	1.143520	-0.195720	-0.088404	
-1.679234	1.035501	-0.574323	0.460702	-0.223258	0.127229	0.265315	-0.323639	-0.178041	0.240065	0.034207	-0.033802	
-1.469685	1.039232	-0.767857	0.703865	-0.619501	0.357827	-0.260921	0.108934	-0.076823	0.114033	-0.057662	0.057683	
0.534342	0.129266	-0.900921	-0.921366	-0.663402	-0.021490	0.078797	0.278378	0.176134	0.269432	0.148786	0.053520	
-2.336370	3.012598	-2.800271	1.729313	-0.688275	0.025108	0.277656	-0.350127	0.331121	-0.309474	0.295489	-0.083229	
-1.089538	0.170558	-0.196408	0.190532	-0.169923	0.126597	-0.026610	0.029885	-0.028869	0.059740	-0.001889	-0.006080	
-2.091189	2.421460	-1.822256	0.529426	0.347383	-0.608886	0.337206	0.198596	-0.562313	0.573838	-0.292386	0.137428	
-0.659927	0.103736	-0.448896	0.109896	-0.295843	0.168775	-0.148022	0.159490	-0.071718	0.119841	-0.034821	0.070587	
-1.954667	1.671751	-1.104347	0.933517	-1.320754	1.524507	-1.017002	0.578856	-0.574709	0.767435	-0.659869	0.253190	
-1.573453	1.041836	-0.251132	-0.244836	0.037958	0.101303	-0.126999	-0.019503	0.146289	0.019584	-0.167583	0.194882	
-1.579907	0.733506	-0.208249	0.393342	-1.019739	1.125101	-0.407684	0.096998	-0.342463	0.538267	-0.353250	0.097758	
0.202710	0.763496	-0.142605	0.247372	-0.140810	0.081368	-0.330439	-0.153976	-0.426604	-0.053546	-0.075373	0.024562	
-1.772026	1.573983	-1.195717	0.891651	-0.618332	0.223938	-0.079594	0.029043	0.103395	-0.224573	0.315078	-0.110637	
-1.503576	0.493568	-0.045286	-0.052071	0.125063	0.157998	-0.076096	-0.049235	0.025823	0.035871	-0.205840	0.160919	
-1.828185	1.443285	-0.487944	-0.285120	0.230028	0.105067	-0.301880	0.307037	-0.067338	-0.108640	0.159423	-0.039346	
-1.363458	0.199888	0.084547	0.185118	-0.372062	0.520810	-0.149944	0.027350	-0.136953	0.094168	-0.124659	0.093183	
-2.026605	2.829726	-2.938371	2.244969	-1.766354	1.373282	-1.604768	1.860236	-1.615344	1.171096	-0.474501	0.157007	
-1.349894	0.514820	-0.220657	0.007933	0.082366	-0.043539	-0.082366	0.210180	-0.039579	-0.161592	0.171405	-0.003895	
-1.112662	0.835683	-0.684674	0.404193	-0.528106	0.384434	-0.363676	0.234013	-0.268978	0.199429	-0.044826	0.090455	
-0.342184	0.767180	-0.478657	0.380317	-0.311718	0.199367	-0.413180	0.002845	-0.365724	0.110818	-0.064242	0.028917	
-2.078719	2.964209	-2.880221	1.679403	-0.713723	-0.107531	-0.047606	0.613332	-0.880891	0.910343	-0.416888	0.139567	
-1.374951	0.217420	0.087068	0.059889	0.006152	0.094580	0.026033	-0.038029	-0.032936	-0.007230	-0.021880	0.039589	
-1.630281	1.189188	-0.853022	0.213173	0.287452	-0.219150	0.139061	0.089108	-0.219866	0.080810	-0.099442	0.133782	
-0.785496	0.100962	-0.362616	0.201512	-0.326212	0.142635	-0.102559	0.149824	-0.082433	0.054450	0.030973	0.040040	
-2.709053	3.234759	-2.171624	0.741929	-0.428523	1.124589	-1.513016	1.254562	-0.618175	0.234764	-0.208485	0.105175	
-1.499877	0.942891	-0.509551	0.185871	-0.137985	0.436821	-0.496769	0.395383	-0.356550	0.200169	-0.115911	0.111880	
-2.063538	1.930559	-0.898625	0.121762	-0.305050	0.711809	-1.207455	1.449075	-0.929037	0.139445	0.310369	-0.153929	
-0.279789	0.829764	0.190703	0.293429	-0.068471	0.001225	-0.250605	-0.181534	-0.366914	-0.114909	-0.151429	-0.059608	
-1.954529	2.117606	-1.918904	1.265325	-0.960049	0.889835	-0.700722	0.488908	0.008489	-0.328130	0.434766	-0.228386	
-1.524618	0.709828	0.089361	-0.060886	-0.369009	0.147902	-0.108566	0.326842	-0.186075	-0.117119	0.307999	-0.080208	
-1.860846	1.676471	-0.908704	-0.001076	0.313279	-0.106047	-0.056733	0.154024	-0.086624	-0.105821	0.196086	-0.032223	
-1.069423	0.267936	-0.382096	0.377933	-0.300106	0.274592	-0.235189	0.211038	-0.194638	0.121106	-0.117347	0.101192	
-0.830767	0.087955	-0.334381	0.144290	-0.176259	0.078533	-0.054945	0.081508	-0.024044	0.051710	-0.037676	0.072371	
-1.687191	1.130563	-0.484141	-0.003239	0.193246	-0.067339	-0.040333	0.166541	-0.154159	-0.115579	0.289741	-0.095209	
-1.249416	1.277989	-1.061189	0.861253	-0.875046	0.613222	-0.583235	0.418084	-0.463231	0.308700	-0.149952	0.109989	
-0.177872	-0.198195	-0.556995	0.041438	-0.074327	0.023303	-0.075619	0.083742	-0.016416	0.109969	0.031901	0.097386	
-2.215639	2.544084	-2.513682	2.100115	-1.495190	0.962464	-0.490998	0.257474	-0.153545	-0.018019	0.194675	-0.099495	
-1.137706	0.069512	0.011245	0.025393	-0.014902	0.035790	0.010302	0.020929	0.011895	-0.002287	-0.013998	0.039983	
-2.139823	2.740826	-2.204509	0.806329	0.015921	-0.195076	-0.457498	1.139177	-1.229600	0.973593	-0.441480	0.184939	
-0.762469	0.095310	-0.436970	0.205951	-0.260807	0.171277	-0.139049	0.166575	-0.143858	0.145791	-0.086751	0.106813	
