-1.172900	1.231520	-1.042798	0.715266	-0.819943	0.543036	-0.495728	0.362658	-0.286535	0.249857	-0.111232	0.093081	
-0.178641	0.786339	-0.439571	0.052363	-0.735221	-0.087922	-0.493516	0.179064	-0.116465	0.296597	-0.013317	0.181272	
-2.877957	4.257623	-4.448392	3.454634	-2.105189	1.374085	-1.042523	0.838677	-0.555243	0.228747	-0.116808	0.080262	
-1.653410	0.877562	-0.199834	0.298469	-0.741788	0.783267	-0.367490	0.045251	-0.015901	0.196819	-0.286940	0.161581	
-1.580725	1.470230	-1.092312	0.949062	-1.319015	1.429149	-1.138824	0.749265	-0.557517	0.622369	-0.572508	0.245256	
-0.787613	0.178113	-0.495742	0.253297	-0.356493	0.239478	-0.207072	0.204965	-0.115843	0.135459	-0.052707	0.071890	
-1.488533	1.568647	-1.245656	0.461785	-0.327831	0.100389	-0.014914	0.036324	0.254945	-0.226451	0.269592	-0.121409	
-1.262284	0.683676	-0.347676	-0.184647	-0.063470	0.096541	0.021441	0.066319	0.072502	-0.015809	0.011491	0.013065	
-2.167882	1.890809	-0.814262	0.276669	-0.553139	0.898126	-0.622891	-0.013403	0.326271	-0.015321	-0.308082	0.194734	
-0.869068	0.691464	-0.550774	0.113105	-0.567853	0.269080	-0.321931	0.270482	-0.042835	0.143914	-0.014888	0.074663	
-1.978896	2.229744	-1.814665	0.806373	-0.197125	-0.037990	-0.015315	0.226298	-0.267469	0.221909	-0.087478	0.061873	
-1.694543	0.957393	-0.158763	-0.109144	-0.212363	0.486521	-0.153046	-0.209053	0.197384	0.083676	-0.245952	0.144144	
-2.297496	2.321042	-1.755246	1.655870	-2.140104	2.501717	-1.967386	1.222277	-1.002185	1.220487	-1.113349	0.425653	
-0.725256	0.090664	-0.444227	0.149189	-0.242417	0.128718	-0.091822	0.123631	-0.038237	0.066229	-0.010319	0.055204	
-1.912090	1.629735	-0.798653	-0.054270	0.251070	0.014960	-0.032730	0.017151	-0.025338	0.028118	-0.089027	0.103311	
-1.365816	0.349571	-0.026508	0.191018	-0.256063	0.124569	0.020731	0.031530	-0.028748	0.027860	-0.098801	0.076320	
-1.406496	1.149638	-0.769782	0.430403	-0.445564	0.388053	-0.363190	0.260088	-0.242276	0.208305	-0.119642	0.059475	
0.413459	0.865826	-0.045449	-0.155623	-0.768403	-0.468726	-0.665980	-0.065709	-0.088621	0.239236	0.095081	0.147736	
-2.144033	2.799545	-2.646047	1.521765	-0.586007	-0.107524	0.303392	-0.267600	0.374618	-0.354032	0.347844	-0.113138	
-1.317171	0.716487	-0.155084	-0.110912	-0.464248	0.467663	-0.282819	0.019819	0.185814	-0.015697	0.001153	0.068800	
-1.800400	1.493107	-1.040459	0.913171	-1.017070	0.970321	-0.660207	0.333753	-0.282484	0.402113	-0.376754	0.149639	
-1.009305	0.368087	-0.376579	0.221717	-0.327555	0.189313	-0.134881	0.102496	-0.080751	0.101602	-0.018286	0.041683	
-1.312158	1.352725	-1.039899	0.064037	-0.105876	-0.244740	0.077315	0.162618	0.111224	-0.003072	0.195902	-0.082361	
-1.511757	0.597407	0.030239	-0.129793	-0.084754	0.161625	-0.011643	-0.017430	0.004896	0.030636	-0.050576	0.047247	
-1.746008	1.344470	-0.401256	-0.178384	-0.305477	0.733828	-0.702878	0.188562	0.225891	-0.071123	-0.110637	0.154555	
-1.212467	0.722746	-0.534193	0.295891	-0.377603	0.270766	-0.195335	0.117070	-0.077330	0.064636	0.006135	0.030108	
-2.252260	2.447216	-1.495706	0.172657	0.487452	-0.255045	-0.071156	0.180557	-0.066991	-0.041829	0.004923	0.074951	
-1.721754	1.081719	-0.216606	-0.262385	0.061444	0.158088	-0.058019	-0.043106	0.051463	0.025264	-0.067916	0.074734	
-2.254636	2.403716	-1.746057	1.139206	-1.274543	1.676122	-1.553839	0.977436	-0.558170	0.539632	-0.497547	0.230940	
-0.855391	0.093285	-0.328137	0.150406	-0.171326	0.109007	-0.058187	0.057495	-0.013622	0.032066	0.008670	0.037194	
-1.656013	1.305348	-0.582187	-0.225299	0.168492	0.002104	-0.171387	0.201568	0.059569	-0.147549	0.183301	-0.043344	
-1.228155	0.193305	0.021800	-0.014705	-0.043204	0.056333	0.021626	0.025250	0.021727	-0.007482	-0.026427	0.031892	
