-2.233010	2.325822	-1.969311	1.717980	-1.886727	2.222631	-1.947657	1.375464	-0.956814	0.751701	-0.607064	0.265862	
0.401766	1.014275	0.411267	0.613448	0.121656	0.070456	-0.347350	-0.248992	-0.475702	-0.179133	-0.242054	-0.039983	
-1.931052	1.364977	-0.350226	-0.024233	-0.322910	0.864724	-0.661763	0.100706	0.173360	-0.107301	-0.120462	0.139737	
-1.526681	0.652847	-0.050912	-0.108922	-0.215480	0.677340	-0.465156	0.038529	0.148562	0.014266	-0.224432	0.140402	
-2.356555	2.491379	-1.711344	1.133340	-1.222631	1.451520	-0.891136	0.130853	-0.114612	0.616935	-0.719609	0.303159	
-0.716216	0.637247	-0.543423	0.377953	-0.541669	0.322208	-0.453920	0.279128	-0.257757	0.219144	-0.131353	0.124548	
-1.863876	1.568577	-0.873580	0.306967	-0.369299	0.861729	-0.873268	0.432832	-0.083807	0.076802	-0.235396	0.193929	
-1.354987	0.519409	-0.093008	-0.150436	-0.026991	0.074419	0.061483	-0.009756	-0.031436	-0.000060	0.044317	0.020342	
-2.666562	3.324811	-3.164583	3.033913	-3.228469	3.481002	-3.025861	2.189669	-1.690485	1.475760	-1.054034	0.366513	
0.437219	0.743908	0.139689	0.253377	-0.302147	-0.138021	-0.384665	-0.081819	-0.170715	0.084897	0.018570	0.124264	
-1.325504	1.321691	-0.882456	0.041871	-0.110934	-0.263218	-0.027289	0.288525	0.003261	-0.104306	0.345801	-0.127570	
-1.281906	0.748511	-0.466117	0.222881	-0.326471	0.383314	-0.328938	0.248388	-0.236645	0.192897	-0.125526	0.064837	
-2.549479	3.699984	-3.724708	2.644200	-1.093317	0.019083	0.434014	-0.309577	0.035726	0.144935	-0.156239	0.120020	
-0.743482	0.208053	-0.543981	0.236032	-0.380784	0.245556	-0.207255	0.237528	-0.179062	0.143868	-0.026559	0.080401	
-1.472986	1.162741	-0.825553	0.741810	-0.932530	0.950804	-0.691315	0.429695	-0.446427	0.408640	-0.266155	0.143579	
-1.122806	0.251106	-0.102473	-0.167212	-0.034917	0.107413	0.068010	0.030795	0.012570	-0.011592	-0.032091	0.057884	
-1.781788	1.785066	-1.502707	1.135379	-1.132703	1.218073	-1.155846	1.029143	-0.852026	0.689378	-0.493668	0.218230	
-0.170526	1.010531	0.060248	0.487228	-0.170354	0.257792	-0.284850	0.026687	-0.291427	-0.079875	-0.096963	-0.093974	
-2.093236	1.614411	-0.377696	-0.319742	0.094895	0.401804	-0.373959	0.067079	0.042507	0.078531	-0.212431	0.149456	
-1.770026	0.972773	-0.020193	-0.382844	0.049531	0.433982	-0.149569	-0.185613	0.056870	0.176544	-0.267243	0.151005	
-2.719263	3.351443	-2.196419	0.374904	0.625782	-0.393849	-0.279901	0.849926	-1.114762	0.949074	-0.534606	0.191487	
-1.025186	0.200062	-0.373946	0.315924	-0.234634	0.166707	-0.167479	0.174526	-0.041545	0.039172	-0.030511	0.026664	
-1.603449	1.020261	-0.483960	0.235500	-0.765995	1.393195	-1.152006	0.579641	-0.280913	0.400301	-0.456070	0.215467	
-1.595375	0.649278	0.043686	-0.126639	-0.065108	0.157521	0.051878	-0.069583	-0.101589	-0.006492	0.136004	-0.030561	
-2.350911	3.543483	-4.266850	3.901490	-3.429792	2.650218	-1.931111	1.477196	-0.717670	0.174005	0.129995	-0.103429	
0.162125	0.041566	-0.136829	-0.088519	-0.285340	-0.040769	-0.057289	0.013750	-0.123440	0.060690	-0.017370	0.076151	
-2.035509	2.067457	-1.257302	0.229406	0.304268	-0.203312	0.007808	0.097534	-0.052922	-0.077709	0.068560	0.055181	
-1.220723	0.751099	-0.436059	0.031621	0.089301	-0.213205	0.025420	0.151120	-0.173199	-0.011564	0.049202	0.113189	
-2.542282	3.600063	-3.157442	1.568022	-0.062822	-0.324458	0.153781	0.081609	-0.082186	-0.018699	-0.002768	0.020813	
-0.654792	0.024982	-0.417196	0.119091	-0.240832	0.115294	-0.085024	0.092140	-0.026490	0.053188	0.011733	0.071196	
-1.626668	0.986736	-0.677354	0.667261	-0.290609	-0.006302	0.228070	-0.197770	0.035473	0.022738	-0.037479	0.020111	
-1.356735	0.272600	0.074581	-0.000760	-0.049569	0.024722	0.067300	0.023303	-0.041233	-0.027353	0.012546	0.036392	
-2.519548	3.213831	-2.912235	1.900383	-1.112780	1.208807	-1.501286	1.564958	-1.235822	0.738344	-0.463766	0.233331	
0.051005	0.608463	0.033168	0.231864	-0.239605	0.191789	-0.162016	-0.004759	-0.306447	-0.162934	-0.113591	-0.034486	
-2.122262	1.902846	-0.885815	0.136132	-0.075263	0.527750	-0.569182	0.014513	0.416992	-0.241766	-0.059189	0.097736	
-1.668050	1.038159	-0.380654	-0.053422	-0.095061	0.568662	-0.529328	0.191685	0.051900	-0.030972	-0.092930	0.074236	
-2.426861	2.523222	-1.712947	1.048400	-0.789860	0.805957	-0.613167	0.270913	-0.139784	0.107314	-0.040286	0.014273	
-1.059909	0.937374	-0.932365	0.681312	-0.646305	0.522920	-0.442514	0.354941	-0.330397	0.240107	-0.042991	0.027205	
-2.182834	1.887891	-0.770389	-0.251557	0.190657	0.896336	-1.274447	0.727797	-0.193916	-0.060736	-0.009451	0.089767	
-1.410960	0.600968	-0.103466	-0.218839	-0.044599	0.317010	-0.058370	-0.099830	0.079593	0.072145	-0.105034	0.053052	
-2.681470	4.205303	-4.964436	4.767579	-3.866699	2.944961	-2.081068	1.552613	-1.184126	0.739950	-0.329618	0.123628	
0.307472	0.758482	-0.097063	-0.219900	-0.562425	-0.309068	-0.392272	-0.007306	0.030949	0.248576	0.176437	0.139226	
-1.748950	1.616919	-0.966493	0.000504	0.033962	0.104803	-0.402266	0.425239	0.016904	-0.168728	0.303005	-0.133463	
-1.213163	0.684620	-0.430950	0.211439	-0.349848	0.219884	-0.143931	0.091765	-0.032150	0.001424	0.090646	-0.009496	
-2.639332	3.799444	-3.585634	2.357798	-1.138229	0.750585	-0.491150	-0.034885	0.579015	-0.738398	0.440010	-0.099870	
-0.743521	0.079833	-0.466195	0.215188	-0.247597	0.147205	-0.124385	0.106386	-0.032749	0.059077	0.039676	0.021883	
-1.674336	1.596772	-1.223580	0.807152	-0.653456	0.589437	-0.535994	0.435633	-0.339100	0.224788	-0.099732	-0.006048	
-1.135583	0.066844	-0.008003	0.032596	0.014783	0.020855	0.020733	0.006362	-0.002288	0.005214	0.000262	0.027747	
-2.149345	2.339196	-1.610602	0.526541	-0.479235	1.152857	-1.700255	1.492287	-0.837631	0.446757	-0.207175	0.106940	
-0.096164	1.066149	0.032294	0.427165	-0.345055	0.050943	-0.602842	-0.168970	-0.468346	-0.084831	-0.149475	-0.010349	
-1.969318	1.827678	-0.869770	-0.085697	0.327060	0.042730	-0.158955	0.070568	0.037439	0.002628	-0.143757	0.140560	
-1.703420	1.070778	-0.326439	-0.110740	0.003762	0.307663	-0.107840	-0.195637	0.132883	0.165245	-0.294415	0.160920	
-2.143918	2.550637	-2.049126	0.888908	0.060950	-0.362314	0.305563	0.014447	-0.195970	0.212659	-0.166078	0.114017	
-0.841133	0.408745	-0.557702	0.154332	-0.305889	0.181686	-0.182613	0.136149	-0.083257	0.106727	0.008087	0.066401	
-2.244135	1.857489	-0.427014	-0.165868	-0.712073	1.774453	-1.452327	0.298410	0.252742	0.208607	-0.692274	0.389069	
-1.628349	0.772414	-0.281899	0.230760	-0.152609	0.272879	0.026517	-0.264370	0.047392	0.041274	-0.000623	0.019937	
-2.796952	4.258121	-4.366075	3.350992	-2.225023	1.847862	-1.645553	1.085949	-0.279421	-0.275123	0.267195	-0.045752	
-0.158732	0.018247	-0.558042	-0.125663	-0.326550	0.208585	-0.064766	0.167703	-0.126258	0.102820	-0.041010	0.058372	
-2.292236	2.599835	-1.580923	0.143787	0.476463	-0.019952	-0.353700	0.124176	0.310756	-0.468399	0.190972	0.030806	
-1.292107	0.874762	-0.480403	-0.363385	0.076526	0.091944	-0.105393	0.197885	0.103546	-0.052634	0.036926	0.000476	
-2.821222	4.118528	-3.702046	1.843667	0.080707	-0.892794	0.639447	-0.118622	-0.177052	0.190498	-0.165984	0.094769	
-0.785650	0.044004	-0.274349	0.047548	-0.122628	0.080331	-0.051238	0.115469	-0.064606	0.019427	0.029095	0.031701	
-1.796822	1.209052	-0.715185	0.768585	-0.704814	0.557890	-0.055596	-0.338687	0.209295	0.008441	-0.037928	0.033202	
-1.464302	0.349591	0.069756	0.005800	0.014894	0.140643	0.010320	-0.082234	-0.038996	0.008522	0.004427	0.026984	
-2.417595	2.683872	-2.182984	1.596019	-1.493519	1.952412	-2.159451	2.039511	-1.720786	1.326082	-0.967461	0.386206	
0.117258	1.099391	0.265063	0.476558	-0.080326	0.017245	-0.390900	-0.228432	-0.450462	-0.213549	-0.183367	-0.115415	
-2.152785	1.768686	-0.486990	-0.063251	-0.430990	1.013120	-0.742357	0.089417	0.251436	-0.123078	-0.180086	0.176253	
-1.406236	0.821226	-0.356882	-0.044776	-0.353079	0.439666	-0.202573	-0.086471	0.306673	0.027010	-0.153535	0.083662	
-2.196112	2.401535	-2.160720	1.899712	-1.326868	0.632961	-0.043686	-0.131196	-0.035153	0.278884	-0.302323	0.108991	
-0.717266	0.892367	-0.781010	0.266451	-0.782834	0.243217	-0.533477	0.329009	-0.207442	0.348469	-0.038857	0.183332	
-1.889870	1.816648	-1.140407	0.432414	-0.486027	0.940432	-1.159432	0.855724	-0.369231	0.171416	-0.129967	0.106505	
-1.342072	0.661290	-0.185489	-0.130303	-0.164908	0.049513	0.043571	0.030727	0.010299	0.038133	0.129599	-0.075314	
-2.808724	4.150493	-4.283959	3.609576	-3.123902	3.236517	-3.329472	3.200846	-2.778024	2.056622	-1.195792	0.416604	
0.430642	0.716645	0.047413	0.096876	-0.283970	-0.212345	-0.424025	-0.225975	-0.299984	-0.032421	-0.028252	0.026221	
-1.681581	1.452526	-0.992011	0.244975	0.162087	-0.189774	0.126457	0.028218	-0.171813	0.149204	-0.160795	0.164604	
-1.452403	0.769944	-0.526086	0.579938	-0.571561	0.383969	-0.267806	0.270815	-0.223177	0.191594	-0.158460	0.064216	
-2.698715	4.199370	-4.247766	2.661803	-0.597631	-0.484692	0.616010	-0.219726	-0.113413	0.183779	-0.186913	0.109413	
-0.839119	0.298857	-0.550482	0.347355	-0.466003	0.258982	-0.208886	0.235127	-0.159312	0.140368	-0.063487	0.100896	
-1.321807	1.270420	-1.202078	1.107255	-1.224342	0.959601	-0.824838	0.518150	-0.475526	0.431336	-0.140808	0.051763	
-1.203022	0.321448	-0.087535	0.009437	-0.139114	-0.005079	0.055350	0.102271	-0.043359	-0.046136	0.033122	0.066259	
-1.799996	1.881693	-1.719060	1.442901	-1.387592	1.435220	-1.306419	0.895822	-0.640633	0.500860	-0.319019	0.177850	
-0.371099	1.092345	-0.027494	0.605719	-0.280920	0.213923	-0.314363	-0.063796	-0.302881	-0.109178	-0.107939	-0.060420	
-2.151078	1.751989	-0.526255	-0.245839	0.028565	0.475145	-0.173384	-0.357022	0.276903	0.231202	-0.481209	0.237115	
-1.902252	1.070936	0.074694	-0.196345	-0.210718	0.410390	-0.159656	-0.129667	0.160706	-0.034341	-0.121466	0.116475	
-2.739783	3.293042	-2.316030	1.145274	-0.382356	0.040185	-0.480324	1.287346	-1.593057	1.148415	-0.459712	0.096714	
-1.053426	0.373590	-0.321091	0.208706	-0.311979	0.128725	-0.104024	0.128686	-0.123529	0.145573	-0.090904	0.086293	
-1.957084	1.551301	-0.931905	0.691707	-1.183155	1.726791	-1.193681	0.476438	-0.357018	0.690325	-0.850320	0.404044	
-1.740519	0.798468	0.114743	-0.101643	-0.170718	0.158985	0.016651	-0.048758	0.017015	-0.016700	-0.022332	0.049800	
0.095370	0.931650	-0.195726	0.574530	-0.495146	0.089659	-0.709312	0.104776	-0.450660	0.143580	-0.190311	0.076143	
0.025498	0.125889	-0.394209	-0.372305	-0.552266	-0.177674	-0.090176	0.216749	0.084312	0.168296	0.105422	0.081305	
-1.866256	2.009419	-1.547310	0.545384	0.149470	-0.549582	0.359786	0.054708	-0.318921	0.348865	-0.239454	0.209301	
-1.341104	0.939437	-0.708961	-0.050099	0.075096	-0.129767	0.046525	0.209715	-0.006475	0.021507	0.014166	-0.016288	
-2.412240	3.320960	-3.281116	2.215183	-0.730511	-0.325845	0.771496	-0.614383	0.258028	-0.050408	0.062120	0.014321	
-0.745002	0.103647	-0.431416	0.116440	-0.207569	0.096375	-0.068614	0.151921	-0.091976	0.111749	-0.080291	0.099731	
-1.783685	1.341264	-0.784867	0.659861	-0.482358	0.313273	-0.155089	0.098139	-0.168053	0.220603	-0.376150	0.198880	
-1.460053	0.441955	0.123575	-0.069288	-0.141800	0.027900	0.025981	0.073291	0.063512	-0.040612	-0.071018	0.062926	
-2.720574	3.632173	-3.244515	2.053826	-1.363198	1.483764	-1.378976	0.848028	-0.355106	0.188187	-0.297745	0.201801	
-0.423480	0.522316	-0.045684	0.041780	-0.178066	0.185010	-0.193584	0.050142	-0.179237	0.027396	-0.078760	0.023402	
-2.254605	2.118808	-1.083820	0.210875	-0.128303	0.581221	-0.501954	0.042077	0.136927	0.009734	-0.218370	0.169280	
-1.662483	1.004421	-0.309676	0.006019	-0.139352	0.266174	-0.330337	0.227395	0.036165	-0.111530	0.080498	-0.013613	
-2.261769	2.366209	-1.885355	1.326907	-0.850769	0.559403	-0.095703	-0.353382	0.360456	-0.062763	-0.156919	0.111292	
-1.460651	1.305103	-0.967616	0.600766	-0.493079	0.455415	-0.373863	0.183274	-0.138908	0.101445	-0.083538	0.027815	
-2.266293	2.293351	-1.243560	0.122983	0.009252	0.711780	-1.245693	0.970005	-0.285057	-0.000502	-0.104870	0.125056	
-1.588318	0.789870	-0.156716	-0.144975	0.104973	0.182352	-0.106912	-0.054195	0.100422	0.002492	-0.152054	0.115458	
-0.676816	0.126626	-0.473374	0.168107	-0.353703	0.179235	-0.169811	0.194817	-0.098825	0.125772	-0.053280	0.099722	
0.339114	0.711463	-0.371272	-0.357755	-0.861096	-0.436566	-0.436091	0.048769	0.121566	0.256481	0.170061	0.103650	
-1.788423	1.772519	-1.242312	0.367321	-0.075282	-0.168609	0.056446	0.109148	0.104131	-0.309677	0.439271	-0.140830	
-1.300721	1.068107	-0.726988	0.211681	-0.328758	0.196794	-0.213208	0.073913	0.026070	0.043743	0.038817	0.028637	
-0.845117	0.195500	-0.459745	0.200649	-0.240227	0.183216	-0.122149	0.116333	-0.108055	0.111376	-0.089590	0.116452	
-0.781977	0.237729	-0.516685	0.232725	-0.340547	0.133306	-0.101015	0.103259	-0.014575	0.039382	0.036199	0.035124	
-1.866410	1.677518	-1.321083	0.990282	-0.858388	0.966561	-0.717422	0.414452	-0.310929	0.278778	-0.305155	0.144488	
-1.251817	0.147717	0.041326	0.016123	0.000452	0.068865	0.011322	0.016084	0.009767	-0.022670	-0.019533	0.031336	
-2.623869	2.993840	-1.818130	0.611905	-0.639469	1.674800	-2.166062	1.486206	-0.476197	0.263368	-0.504299	0.301562	
-0.084304	0.817297	-0.312161	0.129930	-0.601590	0.007559	-0.638420	0.092725	-0.309743	0.196519	-0.053375	0.084975	
-2.404288	2.250527	-0.733089	-0.324030	0.177942	0.244499	-0.143481	-0.156244	0.185332	-0.056944	0.005318	0.015453	
-1.952850	1.327707	-0.222504	-0.233655	-0.023113	0.281001	-0.095124	-0.154259	0.124740	0.076320	-0.138035	0.071111	
-2.311358	2.887910	-2.402935	1.187916	-0.055254	-0.375796	0.356001	-0.001743	-0.239007	0.218290	-0.111339	0.081662	
-0.922165	0.716103	-0.824616	0.229715	-0.382404	0.157938	-0.118768	0.161047	-0.069007	0.093246	0.023724	0.021814	
-2.280411	2.123000	-0.960491	0.192537	-0.739865	1.449725	-0.955384	-0.078777	0.539382	-0.085321	-0.361131	0.205527	
-1.845941	1.050564	-0.160353	-0.045968	-0.036468	0.123159	0.015608	-0.041935	-0.066927	-0.034302	0.141691	-0.049929	
-1.196330	0.329925	-0.211946	-0.040391	0.230522	0.117847	-0.105827	-0.041916	0.052984	0.014374	-0.155456	0.107347	
-0.244622	0.577456	-0.436943	-0.135784	-0.406540	-0.043091	-0.288990	0.072595	-0.083470	0.101146	0.125286	0.080899	
-2.205884	2.472803	-1.647342	0.387499	0.367015	-0.274143	0.046154	0.101773	-0.131512	0.123796	-0.187058	0.159305	
-1.665888	1.307132	-0.596961	-0.131807	0.132645	-0.009199	-0.054473	0.077649	0.045246	-0.115877	0.187913	-0.038956	
-0.753800	0.164542	-0.375799	0.066694	-0.300095	0.171809	-0.145060	0.141249	-0.050523	0.083479	0.014177	0.052553	
-0.827534	0.129168	-0.385236	0.131706	-0.165673	0.061970	0.012078	0.031550	0.004000	0.007266	0.019359	0.036699	
-1.767465	1.549027	-1.246392	0.988157	-0.646807	0.249871	0.079562	-0.283423	0.159163	0.073460	-0.064949	0.026505	
-1.525376	0.480754	-0.034757	0.267158	-0.156388	0.082924	-0.066967	-0.014161	-0.014885	0.017504	-0.007597	0.037641	
