0.122055	1.028334	0.251912	0.283995	-0.171178	-0.081863	-0.533376	-0.223125	-0.553155	-0.172664	-0.193044	-0.065443	
-2.220511	2.319867	-1.310944	0.074022	0.443713	-0.156932	-0.101598	0.124322	0.011163	-0.064570	-0.034858	0.101107	
-1.898391	1.542429	-0.458751	-0.462382	0.207654	0.273269	-0.545028	0.317036	0.178206	-0.246632	0.227343	-0.076622	
-1.148300	0.810689	-0.907709	1.489396	-1.494392	1.242252	-1.101298	0.937731	-0.778883	0.552952	-0.388631	0.270403	
-0.857217	0.243763	-0.527526	0.306261	-0.378432	0.260034	-0.238066	0.222132	-0.128292	0.131055	-0.024507	0.046615	
-1.282927	1.272341	-1.126508	0.706316	-0.703582	0.503346	-0.406991	0.275982	-0.022396	0.043168	0.096381	-0.047757	
-1.776400	0.939236	0.012813	-0.219038	0.007256	0.139845	-0.007164	-0.098497	-0.004642	0.059341	-0.010068	0.020438	
-2.682684	3.683387	-3.716788	2.892689	-1.822063	1.245955	-0.883477	0.677805	-0.558912	0.385466	-0.270136	0.137323	
-1.243271	0.696182	-0.491693	0.269766	-0.378125	0.239623	-0.117585	0.079785	-0.029478	0.018075	0.079494	-0.026133	
-1.221784	1.220816	-0.955203	0.137972	-0.265779	0.092426	-0.112443	0.268249	0.130882	-0.155637	0.290512	-0.187632	
-1.777021	0.933144	0.071775	-0.112132	-0.509479	0.733277	-0.315245	-0.001824	0.032209	0.033963	-0.119895	0.094033	
-1.892109	1.209660	-0.590142	0.888281	-1.218494	1.192111	-0.766046	0.268243	-0.101726	0.103292	-0.072618	0.019557	
-0.849353	0.035855	-0.288587	0.114533	-0.130632	0.100504	-0.041081	0.051054	-0.012080	0.024336	0.007747	0.040406	
-1.563485	1.252066	-0.562572	0.083589	-0.645200	0.805110	-0.680081	0.183497	0.215061	-0.041875	-0.063270	0.147985	
-1.268724	0.203824	0.056451	-0.025244	-0.007604	0.003663	0.016224	0.079406	0.003564	-0.036067	-0.031386	0.053950	
-1.978602	2.276306	-1.953536	1.258197	-1.371119	1.559729	-1.705307	1.318724	-0.586571	0.231828	-0.076510	0.098545	
-0.205749	0.884523	-0.361810	0.190946	-0.680372	-0.036462	-0.521536	0.142030	-0.184710	0.246505	-0.062027	0.198356	
-1.825180	2.222456	-2.165552	1.288804	-0.806029	0.047700	0.422155	-0.633465	0.963433	-0.859770	0.714370	-0.265087	
-1.847646	1.569553	-0.693342	-0.198171	0.172397	0.117080	-0.217908	0.057014	0.189770	-0.137825	0.092854	-0.016903	
-1.391081	1.458494	-1.148439	0.744022	-0.707525	0.551028	-0.526743	0.419398	-0.479920	0.404664	-0.271909	0.161212	
-1.171052	0.269439	-0.137247	0.163583	-0.314947	0.127777	-0.000064	0.097362	0.036436	-0.023105	-0.036352	0.041375	
-1.738130	1.044468	-0.436552	0.458784	-0.619956	0.418871	-0.116457	0.123986	-0.173264	0.216077	-0.234480	0.105012	
-1.428985	0.839206	-0.345223	-0.111454	-0.160194	0.080536	0.110622	0.054573	0.026813	-0.019629	0.106317	-0.077619	
-3.073231	4.831859	-5.179996	4.016579	-2.388315	1.502215	-1.201569	0.999548	-0.551574	0.072028	0.036519	0.023201	
-0.946420	0.590679	-0.280757	-0.199562	-0.562320	0.328612	-0.219198	-0.016040	0.194125	0.120513	0.023177	0.086931	
-1.384527	1.525761	-1.269367	0.506537	-0.429905	-0.060866	0.221660	-0.229741	0.485264	-0.259376	0.351471	-0.156621	
-1.599447	0.961635	-0.255048	0.037102	-0.398879	0.591302	-0.201790	-0.287093	0.360509	-0.002801	-0.186399	0.130518	
-1.985578	1.621474	-0.982419	0.979738	-1.318566	1.438765	-0.953293	0.124941	0.231755	0.119681	-0.390944	0.197287	
-0.848661	0.175623	-0.430866	0.233417	-0.262540	0.154679	-0.111848	0.034127	0.019746	-0.003732	0.109649	-0.004596	
-2.192741	1.966036	-1.009697	0.556617	-0.715848	0.986553	-0.736417	-0.056850	0.560175	-0.256094	-0.147950	0.127804	
-1.502552	0.324285	0.266150	0.064280	-0.321176	0.300508	-0.104517	0.130531	-0.081855	-0.117899	-0.017964	0.122502	
-2.323747	2.409490	-1.730098	1.595543	-2.268105	2.803544	-2.112463	0.900227	-0.417123	0.857268	-1.011599	0.421282	
0.317220	0.782088	-0.140359	-0.250923	-0.882220	-0.498000	-0.649587	0.087339	0.038082	0.352645	0.147327	0.191432	
-2.439651	2.946975	-1.984351	0.353004	0.676791	-0.462148	-0.127692	0.375472	-0.138503	-0.116822	0.125848	0.014641	
-1.567293	1.133969	-0.528019	-0.150277	0.134037	-0.031596	-0.072140	0.158096	0.024468	-0.154286	0.177708	-0.022115	
-0.966561	1.369575	-1.358786	0.905465	-1.247925	0.959832	-0.982359	1.011975	-0.637481	0.445450	-0.139796	0.076183	
-0.716827	0.145254	-0.501606	0.212739	-0.369133	0.235009	-0.197323	0.209553	-0.097695	0.118409	-0.027789	0.065580	
-0.695586	0.784662	-0.777912	0.397624	-0.930246	0.570442	-0.441886	0.458036	-0.280294	0.275132	-0.090494	0.064490	
-1.551404	0.670017	0.028357	-0.167422	-0.017879	0.095534	0.036363	-0.031945	-0.056494	0.005154	0.049031	0.020540	
-1.268719	0.686496	-0.136087	-0.215686	-0.309850	0.271554	-0.167345	0.018810	0.194783	-0.052065	0.068042	0.023115	
-1.006195	0.742838	-0.380627	0.183196	-0.424239	0.182153	-0.503617	0.351191	-0.185542	0.083619	0.046774	0.119797	
-1.258262	1.271967	-0.778596	-0.194392	0.017075	-0.288611	-0.075472	0.239660	0.128848	-0.035423	0.295980	-0.106062	
-1.342432	0.743564	-0.422995	0.414497	-0.688998	0.601100	-0.468113	0.365722	-0.148313	0.173348	-0.159176	0.083699	
-1.851746	1.422520	-0.767398	0.550326	-0.886182	1.172459	-0.844047	0.400957	-0.314220	0.479272	-0.495696	0.210544	
-0.667237	0.057664	-0.433616	0.101474	-0.241193	0.147858	-0.115532	0.132126	-0.069335	0.095877	-0.007520	0.065803	
-1.761606	1.506003	-0.580357	-0.215894	-0.170847	0.655275	-1.067069	0.825988	-0.144346	-0.159929	0.240168	-0.016050	
-1.144752	0.087105	-0.007617	0.028151	-0.004934	0.048358	0.010600	0.005899	0.016928	-0.001927	-0.010695	0.024925	
-2.204933	2.600904	-2.385202	1.848519	-1.415403	1.229790	-1.214189	1.109235	-0.803686	0.397102	-0.102638	0.057267	
-0.125035	0.558747	-0.493797	-0.175678	-0.797298	-0.186882	-0.458007	0.229087	0.073844	0.355864	0.097767	0.198387	
-2.450075	2.939837	-2.493113	1.243367	0.001168	-0.272257	0.154729	-0.109076	0.170942	-0.438922	0.465539	-0.155710	
-1.821104	1.511673	-0.806527	0.005286	0.162030	-0.162745	0.164221	0.065395	-0.110497	0.073165	-0.000465	0.003928	
-1.362436	2.040010	-2.312051	1.482016	-1.495157	0.664422	-0.430485	0.661355	-0.256893	0.447546	-0.146452	0.003795	
-0.873109	0.532141	-0.272242	-0.033817	-0.346217	0.137906	-0.142689	0.108425	-0.033945	0.067249	0.011098	0.032273	
-1.356552	1.116890	-0.792950	0.433882	-0.459868	0.377147	-0.310970	0.168423	-0.169035	0.159862	-0.051552	0.032848	
-1.151322	0.505335	-0.324978	-0.193257	-0.026262	0.104069	0.025363	0.090568	0.070226	-0.052643	0.001461	0.033756	
-2.745657	3.980480	-3.645922	2.073646	-0.531981	-0.193704	0.251010	-0.132766	0.141712	-0.121109	0.039409	0.049242	
-0.831004	0.789408	-0.728505	-0.207470	-0.320467	-0.013541	-0.055851	0.366896	0.133352	0.064277	0.093286	-0.064617	
-1.447517	1.632536	-1.222137	0.207094	0.020548	-0.416033	0.097850	0.230657	-0.154997	0.242811	0.032089	0.007078	
-1.519182	0.842711	-0.172907	-0.261875	-0.022768	0.324377	-0.200421	-0.098489	0.241304	0.045904	-0.274157	0.201358	
-2.141099	2.011479	-1.248316	0.793746	-1.219581	1.740447	-1.304042	0.592162	-0.403790	0.705399	-0.768545	0.320966	
-0.547475	-0.057968	-0.376944	0.041888	-0.183097	0.045633	0.021804	0.020161	0.025797	-0.012601	0.069494	0.038289	
-2.343803	1.870354	-0.459622	0.258058	-0.716619	0.704106	-0.551321	0.502970	-0.221859	0.076506	-0.258223	0.202628	
-1.211160	0.317147	0.002453	-0.133281	-0.157951	0.076040	0.056024	0.060346	0.042425	-0.020996	-0.008079	0.025416	
-2.173712	1.870404	-1.243616	1.324372	-1.877417	2.098745	-1.569498	1.255471	-1.372028	1.605647	-1.407580	0.524762	
-0.151986	1.118597	-0.048097	0.417575	-0.392205	0.034607	-0.568660	-0.190785	-0.481677	-0.018041	-0.232752	0.010434	
-2.226389	2.411035	-1.696650	0.643354	-0.094599	0.249887	-0.358229	0.215899	-0.043617	-0.037063	-0.007524	0.072079	
-2.004653	1.549144	-0.243695	-0.450549	0.108487	0.350023	-0.254531	-0.036651	0.065451	0.082981	-0.135469	0.121743	
-0.870401	0.222975	-0.210083	0.088523	-0.243314	0.063264	-0.133897	0.101691	-0.051066	0.077981	0.079786	-0.022877	
-0.951713	0.436239	-0.480809	0.388682	-0.498845	0.285832	-0.321682	0.186617	-0.148090	0.181768	-0.060830	0.109016	
-1.213234	1.257722	-1.081685	0.788767	-0.776422	0.569836	-0.499447	0.309813	-0.269067	0.198266	-0.102588	0.097498	
-1.741597	0.866366	0.002814	-0.108986	-0.252992	0.396543	-0.011284	-0.173561	0.082926	0.080531	-0.131821	0.042461	
-0.740918	0.096346	-0.435185	0.109917	-0.138966	0.046153	-0.025881	0.071195	-0.007807	0.067176	-0.046191	0.065960	
-1.186226	0.816947	-0.549700	0.303069	-0.413058	0.320790	-0.256995	0.091175	-0.102993	0.122751	-0.080168	0.085463	
-1.342034	1.397293	-1.132531	0.166130	-0.188190	-0.213793	0.107082	0.102099	0.197704	-0.114453	0.286620	-0.126652	
-1.532428	0.687135	-0.056888	0.196871	-0.788867	0.874874	-0.387243	-0.068499	0.121933	0.165345	-0.269181	0.156446	
-1.769983	1.173141	-0.550246	0.557226	-1.248743	1.623802	-1.030888	0.409950	-0.276229	0.723045	-0.903860	0.383634	
-0.842435	0.062705	-0.339883	0.197065	-0.211434	0.166141	-0.160224	0.155967	-0.088104	0.132346	-0.068504	0.048279	
-1.966159	1.418624	-0.169982	-0.374695	-0.319298	1.072833	-0.787147	0.036944	0.321206	-0.059638	-0.262782	0.199859	
-1.400284	0.297586	0.094370	0.065011	-0.078398	0.043879	0.037746	0.001827	0.004104	-0.007571	-0.053240	0.049364	
-2.472146	2.578336	-1.675656	1.103002	-1.296463	1.798426	-1.663029	0.991173	-0.747786	0.950089	-0.840388	0.304523	
-0.467788	0.929955	-0.570949	0.060258	-0.615180	-0.182583	-0.396630	0.112744	-0.090126	0.307720	0.012812	0.111170	
-1.787996	2.356633	-2.401684	1.398631	-0.901470	0.057252	0.189582	-0.081711	0.304906	-0.172089	0.270856	-0.134595	
-2.078879	1.830618	-0.671206	-0.353578	0.334255	0.200242	-0.217718	-0.004719	0.135479	-0.041156	-0.165516	0.155821	
-1.700383	1.511660	-1.167075	1.028921	-0.932675	0.754704	-0.523997	0.320652	-0.315640	0.298328	-0.280891	0.092480	
-1.265483	0.343050	-0.251648	0.357239	-0.314424	0.266186	-0.080235	0.033922	-0.132185	0.120109	-0.040133	0.015559	
-1.708571	0.945352	-0.448805	0.542063	-0.834780	0.938019	-0.285751	-0.068333	-0.167492	0.374874	-0.426781	0.196344	
-1.488052	0.869271	-0.224918	-0.266922	-0.037139	0.162626	-0.155893	0.084489	0.148491	-0.018155	-0.008611	0.004394	
-0.755434	0.049714	-0.408843	0.195107	-0.237270	0.146644	-0.134419	0.146637	-0.012040	0.025447	-0.000273	0.042736	
-1.046953	0.712529	-0.395501	-0.025918	-0.726647	0.521532	-0.381208	0.092977	0.121758	0.177612	-0.074976	0.128416	
-1.797127	1.809845	-1.442067	0.543088	-0.231678	0.148949	-0.098034	0.015222	0.263649	-0.349814	0.242092	-0.027121	
-1.895545	1.327459	-0.392188	0.027930	-0.384686	0.808550	-0.325601	-0.372557	0.443574	0.036533	-0.332483	0.173436	
-2.221195	2.111079	-1.344511	1.029416	-1.509281	2.106740	-1.487300	0.396794	-0.052146	0.469418	-0.746782	0.369172	
-0.974210	0.248705	-0.386725	0.223102	-0.254537	0.154340	-0.063137	0.038536	-0.018720	0.033961	-0.002689	0.060676	
-2.203462	2.061851	-1.246051	0.829713	-0.857591	1.019937	-0.610178	-0.247495	0.550310	-0.009397	-0.367431	0.195548	
-1.548324	0.547319	0.076021	0.032599	-0.289844	0.145377	0.086744	0.031303	-0.041480	0.048884	-0.137345	0.086231	
-0.895419	0.049365	-0.366113	0.511067	-0.579408	0.323562	-0.202280	0.241637	-0.109382	0.196096	-0.066915	-0.054212	
0.638911	0.923307	-0.018024	-0.175096	-0.815724	-0.558647	-0.732040	-0.217303	-0.102713	0.225324	0.121460	0.160533	
-2.177320	2.435428	-1.834112	0.630699	0.222441	-0.395665	0.295661	0.021189	-0.257651	0.242104	-0.150994	0.117161	
-1.734129	1.238201	-0.443230	-0.200741	0.147604	0.108223	-0.040186	-0.047829	0.039357	0.046461	-0.123624	0.116450	
-1.288843	1.498878	-1.526462	1.122927	-1.385166	1.156466	-1.263834	1.286441	-0.888277	0.710759	-0.260636	0.126266	
-0.799001	0.193249	-0.493283	0.202579	-0.293798	0.202777	-0.144303	0.138137	-0.089537	0.128200	-0.100088	0.117516	
-1.038572	1.097996	-0.795942	0.534297	-0.650422	0.401341	-0.555171	0.435958	-0.444197	0.370729	-0.242557	0.179832	
-1.578180	0.831621	-0.295591	-0.072044	0.049699	0.182617	0.028885	-0.120045	0.045260	0.058636	-0.200537	0.149214	
-1.381104	0.762086	-0.206960	-0.006409	-0.440149	0.425045	-0.278390	0.011717	0.232986	-0.084679	0.018018	0.070272	
-1.206142	0.619352	-0.516541	0.336473	-0.302963	0.249683	-0.254435	0.305694	-0.263278	0.139855	-0.070322	0.058058	
-1.496612	1.329209	-0.781096	-0.133237	0.115471	-0.207404	-0.049897	0.308975	-0.056807	-0.009645	0.203562	-0.089539	
-1.458886	0.581844	-0.116364	0.108811	-0.366517	0.569238	-0.349671	0.126332	-0.025130	0.121146	-0.271681	0.145225	
-1.891586	1.416905	-0.938650	0.923585	-1.061115	1.107424	-0.722510	0.463584	-0.603422	0.774641	-0.732525	0.319416	
-0.775941	0.107942	-0.437853	0.151715	-0.210270	0.106004	-0.067918	0.187271	-0.145061	0.137341	-0.066220	0.068309	
-1.646674	1.258604	-0.406499	-0.201212	-0.218329	0.536812	-0.662530	0.271827	0.199064	-0.090222	-0.030375	0.114384	
-1.305179	0.302679	-0.115432	-0.086349	0.162647	0.219762	-0.102512	-0.096384	0.064519	0.092945	-0.118653	0.047289	
-2.473241	2.947410	-2.177976	1.129933	-0.969713	1.700178	-2.220162	1.809516	-0.894363	0.282571	-0.204401	0.186376	
0.017688	0.864814	-0.574535	0.130238	-1.005087	0.087972	-0.575299	0.391346	-0.326394	0.415267	-0.116850	0.234198	
-2.365090	3.158932	-2.947436	1.741118	-0.371124	-0.302067	0.398960	-0.234302	0.073805	-0.104254	0.153674	0.000364	
-1.904731	1.702984	-1.007919	0.111315	0.279328	-0.047571	-0.010209	0.032368	-0.092451	0.045565	-0.083916	0.115987	
-1.584905	2.140625	-1.851561	1.582948	-1.276509	1.039969	-0.857141	0.473643	-0.481007	0.205942	-0.240370	0.087404	
-0.949676	0.460693	-0.491357	0.222710	-0.355740	0.187953	-0.157576	0.093371	-0.120073	0.172957	-0.055867	0.082583	
-1.619742	1.436796	-0.928760	0.456805	-0.394381	0.404066	-0.425255	0.328312	-0.339077	0.364243	-0.267960	0.092993	
-1.255899	0.594405	-0.385315	-0.052734	0.055285	0.065937	0.046450	0.063582	-0.040419	-0.043695	-0.087794	0.132798	
-1.052747	0.137397	-0.241995	0.259698	-0.224745	0.190719	-0.119815	0.176590	-0.077686	0.072874	-0.137157	0.074084	
-0.921522	0.829469	-0.805544	0.131488	-0.471545	0.133219	-0.146897	0.180520	0.022928	0.102625	0.031813	0.032171	
-1.704232	1.947624	-1.657188	0.667575	-0.305040	-0.010440	-0.107565	0.411921	-0.328876	0.330245	-0.094349	0.011842	
-1.861766	1.135034	-0.193546	-0.236940	0.003940	0.500906	-0.254975	-0.182290	0.180787	0.140383	-0.395804	0.224261	
-1.855687	1.530382	-1.110858	1.015157	-1.487307	1.927429	-1.368236	0.806649	-0.848780	0.992044	-0.869026	0.334514	
-0.726657	0.142124	-0.475833	0.143027	-0.286841	0.126971	-0.050593	0.074516	0.024205	0.018092	0.037805	0.035080	
-2.198240	1.770825	-0.503992	-0.048596	-0.413367	0.868150	-0.536745	0.008180	0.096851	0.257104	-0.458856	0.201917	
-1.386634	0.494842	0.003284	-0.162531	-0.082770	0.160098	0.013548	-0.059232	0.056616	0.071201	-0.045102	0.004330	
-2.395028	2.683232	-2.292025	2.047694	-2.274791	2.602862	-2.220197	1.511132	-1.217403	1.198545	-0.920870	0.330916	
