-2.682684	3.683387	-3.716788	2.892689	-1.822063	1.245955	-0.883477	0.677805	-0.558912	0.385466	-0.270136	0.137323	
0.455088	0.842610	-0.087930	-0.218425	-0.853721	-0.523992	-0.684924	-0.043221	-0.022259	0.298079	0.136242	0.178190	
-1.531395	1.578452	-1.136310	0.189741	0.026136	-0.360601	0.149554	0.178639	-0.128701	0.199176	0.009013	0.006659	
-1.438031	0.865903	-0.227166	-0.111398	-0.347043	0.391263	-0.235181	-0.029259	0.232392	-0.069283	0.025030	0.050683	
-1.273780	1.077822	-0.714374	0.429970	-0.441227	0.339019	-0.411207	0.361467	-0.412165	0.347514	-0.225043	0.122899	
-0.758131	0.164789	-0.514354	0.218623	-0.336560	0.219032	-0.181160	0.202253	-0.107005	0.121647	-0.047485	0.078004	
-2.370699	2.956826	-2.558847	1.223007	0.025947	-0.375139	0.282407	-0.072649	-0.080221	-0.021214	0.096394	-0.004271	
-1.367716	0.740939	-0.306371	-0.193685	-0.019654	0.104995	-0.006606	0.100724	0.039896	-0.052292	0.041599	0.001380	
-1.848050	2.283901	-2.112279	1.506522	-1.324084	1.080297	-0.981113	0.804387	-0.487881	0.327530	-0.164765	0.102690	
-1.217059	0.764308	-0.531442	0.281074	-0.337036	0.244887	-0.201409	0.108567	-0.103604	0.079907	-0.013246	0.052616	
-1.674071	1.382445	-0.698742	-0.151967	0.218107	-0.149691	-0.021695	0.211944	-0.071266	-0.079034	0.218256	-0.084654	
-1.737315	1.392551	-0.495390	-0.193199	-0.165267	0.532005	-0.776370	0.458347	0.106253	-0.146185	0.082186	0.048634	
-1.861741	1.490358	-0.940209	0.777765	-0.952514	1.089707	-0.802623	0.461846	-0.440693	0.583542	-0.576244	0.239352	
-0.698106	0.064827	-0.428900	0.118266	-0.194417	0.078732	-0.045465	0.065881	0.010711	0.031923	0.018467	0.044311	
-1.920634	2.113259	-1.675898	0.685140	-0.143365	-0.077953	0.000416	0.238308	-0.255281	0.210834	-0.056041	0.036999	
-1.204513	0.318699	-0.038285	-0.106243	-0.119232	0.065118	0.034940	0.092844	0.029695	-0.049086	-0.015698	0.046506	
-3.073231	4.831859	-5.179996	4.016579	-2.388315	1.502215	-1.201569	0.999548	-0.551574	0.072028	0.036519	0.023201	
-0.228309	0.876133	-0.507282	0.214944	-0.764462	0.078725	-0.516589	0.250663	-0.209899	0.269768	-0.078351	0.171387	
-1.530095	1.538845	-1.241212	0.263496	-0.220101	0.067264	-0.145491	0.302624	0.135264	-0.206496	0.288692	-0.140289	
-1.732002	0.947991	-0.397876	0.550415	-0.770760	0.644978	-0.135361	0.013763	-0.175469	0.269330	-0.303529	0.139080	
-1.425923	1.432184	-1.142704	0.847247	-0.779456	0.600953	-0.499338	0.360991	-0.379268	0.298134	-0.221357	0.134194	
-0.985576	0.462962	-0.483219	0.276458	-0.388396	0.226510	-0.202222	0.162942	-0.162653	0.164334	-0.043369	0.072445	
-2.572039	3.647693	-3.403030	2.058869	-0.591468	-0.202794	0.342706	-0.218495	0.190082	-0.179460	0.137723	0.026306	
-1.715345	1.060772	-0.207244	-0.259516	0.068922	0.161837	-0.054308	-0.076524	0.073966	0.062162	-0.128045	0.094210	
-2.367575	2.497774	-1.823874	1.440109	-1.737298	2.200751	-1.957070	1.293504	-0.929741	0.978824	-0.876967	0.353572	
-0.863834	0.780236	-0.785213	0.009293	-0.463750	0.130526	-0.121335	0.286641	0.035153	0.115046	0.028414	-0.000246	
-1.926010	1.605535	-0.712323	-0.132464	0.300162	0.054827	-0.068005	-0.008535	0.011039	0.030911	-0.144761	0.138942	
-2.273930	1.854093	-0.519109	0.096550	-0.535493	0.776956	-0.551702	0.262504	-0.079013	0.183680	-0.366343	0.206314	
-2.198101	2.013944	-1.127874	0.693165	-0.786720	1.003245	-0.673297	-0.152173	0.555242	-0.132745	-0.257691	0.161676	
-0.793014	0.220289	-0.441611	0.121193	-0.306467	0.153006	-0.080668	0.089690	-0.023325	0.087565	-0.040332	0.078443	
-2.376148	2.819246	-1.920509	0.342890	0.624071	-0.445341	-0.070146	0.314676	-0.160393	-0.047272	0.073956	0.034330	
-1.649515	0.678564	0.127102	-0.088449	-0.235080	0.204839	0.006018	0.016786	-0.037447	0.045478	-0.080388	0.056519	
-0.817560	1.046300	-0.954843	0.562007	-1.051588	0.572762	-0.625471	0.540262	-0.335323	0.340289	-0.083086	0.105247	
-0.014966	1.073466	0.101908	0.350785	-0.281692	-0.023628	-0.551018	-0.206955	-0.517416	-0.095352	-0.212898	-0.027504	
-1.231507	1.238678	-0.891660	-0.048189	-0.107298	-0.191748	-0.043390	0.247372	0.103690	-0.002506	0.224483	-0.088755	
-1.161798	0.595833	-0.192091	-0.086960	-0.501700	0.385521	-0.210767	0.004588	0.186948	0.026783	-0.008760	0.077255	
-1.325581	0.902669	-0.595003	0.414416	-0.604500	0.493557	-0.359298	0.229726	-0.121247	0.116416	-0.071235	0.040926	
-0.750547	0.063514	-0.409078	0.176637	-0.242791	0.156596	-0.127357	0.157304	-0.076349	0.094146	-0.035555	0.057581	
-1.612744	1.917712	-1.757303	0.815898	-0.546735	-0.137368	0.300514	-0.340415	0.631074	-0.499867	0.538181	-0.199636	
-1.382380	0.513924	-0.046242	-0.168961	-0.014853	0.163237	-0.013446	-0.044017	0.024940	0.056828	-0.045159	0.032061	
-1.159629	1.411268	-1.422462	1.282211	-1.429671	1.164376	-1.157025	1.070341	-0.768148	0.497705	-0.243148	0.095064	
-1.226961	0.320301	-0.252644	0.325402	-0.302697	0.209894	-0.083772	0.096665	-0.079906	0.075537	-0.043735	0.011917	
-1.540730	1.106704	-0.523005	-0.143604	0.119244	-0.012882	-0.073062	0.137956	0.041367	-0.130104	0.147106	-0.015688	
-1.554258	1.187722	-0.501784	0.092638	-0.606514	0.763853	-0.617223	0.180510	0.179099	-0.007955	-0.094650	0.145227	
-1.746535	1.139949	-0.548964	0.530704	-1.066027	1.401960	-0.849419	0.288724	-0.254547	0.545406	-0.619066	0.242218	
-0.859181	0.055976	-0.295128	0.132699	-0.136351	0.100818	-0.059906	0.090229	-0.048008	0.046093	-0.015432	0.046884	
-1.883382	1.759424	-1.172631	0.293798	0.146622	-0.025151	0.010886	0.015667	-0.107990	0.028818	-0.024417	0.088291	
-1.174501	0.102313	0.008632	0.033300	-0.015946	0.050013	0.008389	0.015444	0.015530	0.005332	-0.023159	0.024878	
-1.223899	0.575160	-0.342891	0.065815	-0.194212	0.045611	0.113387	-0.044819	0.004436	0.078565	-0.090601	0.075357	
-0.152378	0.641909	-0.459835	-0.127852	-0.749525	-0.215638	-0.452409	0.173373	0.024490	0.345416	0.074239	0.198683	
-1.306176	1.347777	-1.059150	0.254518	-0.246264	-0.091258	0.139767	-0.021495	0.306238	-0.216617	0.314100	-0.160652	
-1.629836	0.738551	0.041573	0.050438	-0.603458	0.768928	-0.355454	-0.020079	0.089841	0.070599	-0.190907	0.125431	
-1.379923	1.267952	-0.991957	0.599323	-0.538669	0.420598	-0.346413	0.181563	-0.110778	0.128006	-0.019301	-0.006764	
-0.867985	0.237839	-0.513250	0.377739	-0.443347	0.296431	-0.265824	0.221490	-0.139909	0.158249	-0.048953	0.054575	
-1.794670	2.346554	-2.410542	1.449939	-0.948743	0.077157	0.299110	-0.312643	0.578717	-0.423337	0.425857	-0.188652	
-1.598302	0.812273	-0.169816	-0.150578	-0.046764	0.390918	-0.120238	-0.185103	0.186082	0.072931	-0.261366	0.153874	
-2.100036	1.935179	-1.240063	0.885162	-1.331066	1.851102	-1.353532	0.595986	-0.422459	0.715531	-0.784288	0.333317	
-0.897143	0.653259	-0.360265	0.052266	-0.505050	0.242337	-0.384969	0.198144	-0.026446	0.101923	0.014953	0.098834	
-1.914828	1.546820	-0.422014	-0.407683	0.106342	0.295941	-0.346276	0.081367	0.163799	-0.075149	0.011113	0.047324	
-1.919352	1.329081	-0.283829	-0.127963	-0.328378	0.833756	-0.438838	-0.215997	0.355077	0.040255	-0.327232	0.184013	
-1.957996	1.448633	-0.827811	1.002599	-1.322942	1.314122	-0.855108	0.209425	0.062179	0.107964	-0.220344	0.102328	
-0.919301	0.218265	-0.381938	0.218256	-0.261623	0.149809	-0.101488	0.041454	0.014067	0.000633	0.081248	0.004997	
-2.232055	2.339382	-1.328648	0.103794	0.383172	-0.072308	-0.174431	0.142273	0.022379	-0.059154	-0.056121	0.111798	
-1.415081	0.312363	0.109641	0.055812	-0.109485	0.066176	0.035921	0.009160	-0.001535	-0.010750	-0.059487	0.062353	
