-2.486187	3.426308	-3.057876	1.676002	-0.978529	1.146624	-1.934244	2.139903	-1.343508	0.460134	0.066243	-0.051513	
-0.246242	0.698060	-0.340837	0.019354	-0.429779	-0.122873	-0.328445	0.005745	-0.192041	0.227676	0.001304	0.141951	
-1.478321	1.551441	-1.117951	0.679470	-0.542282	0.371540	-0.439977	0.324862	-0.314163	0.257342	-0.176947	0.078442	
-1.596694	1.062468	-0.499208	-0.016655	0.022393	-0.002276	-0.002784	0.087365	0.030868	-0.041167	0.078838	-0.047723	
-2.268840	2.564634	-1.913035	0.720304	-0.045667	-0.031261	-0.148386	0.267837	-0.098246	-0.047475	0.083070	-0.015196	
-0.783837	0.145419	-0.449016	0.194252	-0.254870	0.134657	-0.078823	0.059661	-0.003453	0.027916	0.027420	0.042107	
-1.926325	1.783948	-1.148811	0.272521	0.132780	-0.120761	-0.021302	0.156703	-0.017809	-0.118137	0.162761	-0.067839	
-1.227863	0.363696	-0.103110	-0.102014	-0.029705	0.069616	0.015230	0.037874	0.035622	-0.001598	-0.047961	0.052275	
-3.044407	5.332758	-6.940670	6.894756	-5.370438	3.085708	-1.067429	-0.269719	0.881373	-0.759895	0.511609	-0.189018	
-0.699777	0.925682	-0.512659	0.694035	-0.551251	0.459148	-0.384758	0.198480	-0.328575	0.185929	-0.152324	-0.011824	
-1.762164	1.707109	-1.514900	1.246535	-1.172648	1.088645	-0.929991	0.756636	-0.747651	0.685047	-0.479027	0.201435	
-1.864374	1.314444	-0.291341	-0.329705	0.078381	0.284630	-0.182008	-0.095424	0.166077	0.071385	-0.219022	0.136650	
-2.484629	3.465961	-3.542292	2.455813	-1.091417	0.198522	0.033557	0.062363	-0.129022	0.108245	0.016744	-0.013823	
-0.889387	0.297145	-0.487215	0.280577	-0.354969	0.240422	-0.196395	0.152073	-0.123456	0.099530	-0.025564	0.076106	
-2.188706	2.233989	-1.157454	-0.175328	0.343518	0.191172	-0.551732	0.295814	0.298867	-0.466317	0.271980	-0.036567	
-1.702856	0.863077	0.030391	-0.231324	-0.094104	0.148942	0.045118	-0.015234	-0.022158	-0.005321	0.023336	0.012253	
-2.280176	2.153243	-1.452816	1.614629	-2.139829	2.242765	-1.903193	1.393082	-1.030314	1.098814	-1.067910	0.451868	
-0.181502	0.817902	0.199895	0.409820	-0.117493	0.090462	-0.303346	-0.146228	-0.433560	-0.104636	-0.193867	-0.120784	
-1.243693	0.968055	-0.687210	0.341119	-0.420887	0.336814	-0.428698	0.355092	-0.342779	0.318746	-0.191016	0.145490	
-1.356657	0.741506	-0.314188	-0.157997	0.042480	0.019121	-0.045344	0.094987	0.048448	-0.016353	0.002154	0.024665	
-2.156665	2.210050	-1.385091	0.302392	0.180491	-0.130352	-0.095718	0.189358	-0.099844	0.063713	-0.005470	0.011831	
-0.712389	0.042407	-0.363371	0.118107	-0.200600	0.078939	-0.063676	0.094347	-0.053544	0.067366	-0.017743	0.072125	
-1.683878	1.446882	-0.799019	-0.053046	0.259599	-0.196406	-0.061690	0.221730	-0.040953	-0.044971	0.098973	-0.027832	
-1.161551	0.113352	-0.031275	0.046828	-0.022598	0.029509	0.013221	0.019740	0.008599	0.002240	-0.006700	0.034409	
-3.017443	4.602556	-4.874274	3.747754	-2.432643	1.842231	-1.478509	0.886115	-0.068457	-0.427106	0.297348	-0.053130	
-1.215672	0.832585	-0.549854	0.324609	-0.321096	0.206223	-0.197096	0.068907	-0.115061	0.115181	-0.037067	0.043671	
-1.734912	1.280885	-0.652699	0.537484	-0.766551	0.884562	-0.782497	0.395570	-0.112926	0.218443	-0.355330	0.206651	
-1.673401	0.939523	-0.171200	-0.228644	0.094261	0.196381	-0.159290	-0.023283	0.118611	0.001023	-0.123118	0.096938	
-2.357413	2.930195	-2.442931	1.304879	-0.620010	0.519323	-0.573544	0.387345	-0.091477	-0.033381	0.002789	0.053355	
-0.718494	0.129285	-0.478326	0.188294	-0.302826	0.173912	-0.168477	0.181297	-0.107006	0.134574	-0.066085	0.099702	
-2.010039	1.780528	-0.705918	-0.346451	0.315327	0.160083	-0.373209	0.170931	0.154391	-0.163282	0.022676	0.067483	
-1.474753	0.450496	0.069216	-0.044167	-0.062893	0.066889	0.022379	0.015468	0.001647	-0.017312	-0.015953	0.038412	
