-1.863962	1.925343	-1.529567	0.558164	-0.022939	-0.170232	0.123230	0.144411	-0.148257	0.140263	-0.057481	-0.015670	
-1.210209	0.356552	-0.075204	-0.155112	0.003319	0.108517	-0.015002	-0.020750	0.038787	0.067243	-0.067010	0.047366	
-2.513458	3.313478	-2.969075	1.806739	-1.237866	1.418337	-1.665234	1.404657	-0.646023	0.116415	-0.013364	0.036203	
-0.690572	1.007221	-0.432354	0.746237	-0.498432	0.514716	-0.337273	0.184653	-0.319049	0.132589	-0.153103	-0.083301	
-2.355452	3.126018	-3.317559	2.593216	-1.591248	0.780712	-0.332384	0.092618	0.116638	-0.188056	0.262185	-0.119843	
-1.390803	1.206981	-0.749864	0.253816	-0.059338	-0.040397	-0.061389	0.122138	-0.233077	0.216669	-0.161294	0.085699	
-3.044407	5.332758	-6.940670	6.894756	-5.370438	3.085708	-1.067429	-0.269719	0.881373	-0.759895	0.511609	-0.189018	
-1.222613	1.005818	-0.795670	0.643047	-0.740428	0.561092	-0.558927	0.444483	-0.387803	0.342483	-0.230589	0.128692	
-1.920764	1.857948	-0.891423	-0.377772	0.384729	0.085145	-0.568576	0.386123	0.341855	-0.497006	0.334233	-0.069132	
-1.024830	0.147605	-0.245606	0.150317	-0.130423	0.076292	-0.014233	0.057824	-0.003219	0.021537	-0.008275	0.022706	
-2.539363	2.678788	-1.887750	2.011923	-2.786923	2.812491	-2.098177	1.504768	-1.319771	1.377585	-1.177625	0.464021	
-0.710249	0.182866	-0.529945	0.180472	-0.333607	0.164118	-0.142303	0.185188	-0.108374	0.140794	-0.046264	0.086537	
-2.346041	2.611707	-1.776506	0.558890	0.073336	-0.005040	-0.199884	0.222045	-0.070617	-0.042289	0.039632	0.021194	
-1.699033	1.097327	-0.256004	-0.271934	0.089457	0.118575	-0.148830	0.050392	0.092226	-0.036144	0.010329	0.025114	
-3.017443	4.602556	-4.874274	3.747754	-2.432643	1.842231	-1.478509	0.886115	-0.068457	-0.427106	0.297348	-0.053130	
-0.299801	0.705286	0.117736	0.585281	-0.187784	0.301671	-0.244618	0.062956	-0.380752	0.004659	-0.154695	-0.161902	
-1.991385	1.728445	-0.999008	0.288605	0.025900	-0.026933	-0.070519	0.135157	0.011404	-0.121633	0.139357	-0.050378	
-1.429550	0.498280	0.035140	-0.122625	-0.106231	0.082997	0.023789	0.036818	0.001318	-0.016103	0.065507	-0.018691	
-1.567733	1.530981	-1.624290	1.512189	-1.383029	1.128946	-0.869946	0.695435	-0.735009	0.706041	-0.479667	0.175453	
-0.798320	0.208367	-0.521714	0.298272	-0.389154	0.263300	-0.249540	0.218007	-0.134596	0.137620	-0.068995	0.098095	
-2.085886	2.377446	-2.098188	1.194469	-0.524113	0.013220	0.165916	-0.120233	0.261581	-0.257356	0.290032	-0.148447	
-1.494759	0.890158	-0.445581	0.122894	-0.163533	0.151270	-0.022146	-0.056691	0.071346	0.053395	-0.058556	0.020006	
-1.358931	0.688456	-0.186836	-0.268144	-0.029224	0.103481	-0.029841	0.020536	0.127762	0.042144	-0.091470	0.055845	
-1.375803	0.829156	-0.475760	0.285344	-0.321125	0.335162	-0.326786	0.272641	-0.285185	0.240157	-0.133392	0.051628	
-1.956151	1.615810	-0.593159	-0.279255	0.215221	0.168910	-0.314218	0.126138	0.143066	-0.148630	0.040107	0.051180	
-1.117391	0.073623	-0.022252	0.013150	0.003357	0.018655	0.011144	0.022017	0.011995	-0.001730	-0.007530	0.043185	
-2.113206	1.747174	-1.186437	1.810498	-2.455810	2.070172	-1.405475	1.263063	-1.175581	0.900128	-0.669744	0.266446	
-0.752718	0.119263	-0.459609	0.207490	-0.284250	0.180311	-0.125595	0.082138	-0.027799	0.040720	0.033312	0.046009	
-2.004002	2.575398	-2.116673	1.208890	-0.847683	0.741232	-0.722367	0.346401	-0.241600	0.328919	-0.353172	0.270446	
-1.727360	0.933680	-0.085466	-0.221358	-0.153368	0.632719	-0.424610	0.004567	0.196475	-0.049404	-0.191601	0.151698	
-0.651303	0.025149	-0.386062	0.127556	-0.245859	0.087325	-0.086374	0.122663	-0.058144	0.071248	-0.018774	0.080354	
-0.039494	0.492396	-0.387986	-0.070347	-0.450085	-0.220292	-0.351959	-0.000310	-0.144670	0.313210	0.080076	0.235296	
-2.165374	2.213227	-1.475165	0.421797	0.197311	-0.263725	0.045124	0.175803	-0.155263	0.046111	0.100398	-0.062760	
-1.243400	0.368709	-0.123101	-0.119604	-0.002587	0.008590	0.050553	0.130049	0.033322	-0.095795	-0.035907	0.080937	
-2.442424	3.070951	-2.441311	1.098591	-0.474655	0.714838	-1.110193	0.845466	-0.099378	-0.375506	0.305759	-0.026056	
-0.925336	0.833716	-0.717079	0.368771	-0.466115	0.204568	-0.306225	0.109220	-0.167186	0.192928	-0.068562	0.136624	
-2.613806	3.805903	-3.767026	2.318410	-0.591586	-0.383668	0.399499	0.032107	-0.374683	0.404545	-0.228696	0.092196	
-1.561669	1.230582	-0.744867	-0.102963	0.234729	-0.199950	-0.007513	0.231292	-0.024242	-0.047548	0.112966	-0.038311	
-1.424685	0.326157	0.097879	-0.010500	-0.020839	0.038298	0.029753	0.025047	0.004203	-0.035028	-0.050025	0.067282	
-1.420646	1.548060	-1.149502	0.631997	-0.517481	0.330675	-0.428787	0.335569	-0.330446	0.267905	-0.137500	0.071261	
-2.259359	2.326838	-1.209194	-0.210534	0.441519	0.161413	-0.580988	0.343817	0.300653	-0.501087	0.285783	-0.053249	
-1.282611	0.344218	-0.234660	0.242404	-0.187031	0.131799	-0.001450	0.035190	-0.035798	0.006977	0.002643	0.016251	
-2.427616	2.431470	-1.559723	1.321191	-1.656934	1.915328	-1.764173	1.297686	-1.065883	1.165211	-0.990540	0.366051	
-0.753654	0.097135	-0.415836	0.176096	-0.244983	0.166398	-0.164905	0.162907	-0.123013	0.131985	-0.081905	0.112864	
-2.605735	3.166674	-2.183794	0.445660	0.499619	-0.083883	-0.535894	0.496095	0.044840	-0.454112	0.290514	-0.011556	
-1.882888	1.394702	-0.339570	-0.361379	0.134995	0.178348	-0.138563	-0.065749	0.145893	0.034805	-0.119714	0.089514	
-1.726692	1.080730	-0.450779	0.033720	0.043770	-0.051318	0.019347	0.177432	-0.051384	-0.170875	0.280270	-0.133729	
-0.109676	0.881410	0.232652	0.422954	-0.116194	0.029296	-0.314138	-0.256090	-0.455047	-0.170703	-0.212169	-0.119960	
-1.948820	1.785738	-0.931595	-0.057443	0.371469	-0.164469	-0.147910	0.201196	0.036905	-0.172408	0.189369	-0.045154	
-1.656662	0.688836	0.084688	-0.095115	-0.105099	0.098954	0.048583	-0.012319	-0.022193	-0.020602	0.006710	0.030771	
-2.020264	1.776684	-0.991052	0.627468	-0.811349	1.058415	-1.076764	0.739328	-0.464900	0.490301	-0.528980	0.290952	
-0.953078	0.362563	-0.456443	0.248896	-0.324438	0.214794	-0.154015	0.096935	-0.099943	0.075413	-0.007247	0.072935	
-2.404735	3.011710	-2.601391	1.301020	-0.260799	-0.138022	0.062227	0.205252	-0.289187	0.284662	-0.178954	0.067310	
-1.383437	0.804577	-0.378803	-0.130635	0.101381	-0.031583	-0.052544	0.155265	0.012838	-0.057746	0.055587	-0.005326	
-1.671422	0.823171	-0.048337	-0.213424	0.056728	0.192323	-0.052994	-0.079493	0.069192	0.030789	-0.140876	0.099212	
-1.806798	1.324778	-0.570002	0.243792	-0.479298	0.732831	-0.644384	0.221247	0.088606	0.062687	-0.274505	0.181115	
-2.203413	2.041934	-0.793756	-0.369951	0.365475	0.222573	-0.293891	0.016275	0.131898	-0.023348	-0.166591	0.145010	
-1.261490	0.182031	0.019935	0.039168	-0.025819	0.022438	0.022936	0.009466	0.015823	-0.001389	-0.010439	0.030327	
-2.200290	2.020675	-1.360996	1.514720	-1.979769	2.219534	-2.050444	1.430991	-0.873550	1.049986	-1.189851	0.538230	
-0.767351	0.165920	-0.477411	0.187748	-0.240330	0.076880	-0.033546	0.032686	0.033837	0.017410	0.030442	0.035385	
-2.132747	2.306062	-1.479426	0.379712	-0.153346	0.398748	-0.700408	0.466852	0.001713	-0.122705	0.017792	0.104340	
-1.840125	1.147315	-0.162884	-0.319910	0.108341	0.302268	-0.146454	-0.171307	0.164893	0.141103	-0.344271	0.187430	
-0.771584	0.068038	-0.355510	0.112480	-0.157862	0.071795	-0.043291	0.063188	-0.033932	0.059035	-0.016392	0.061682	
-0.462898	0.787049	-0.197764	0.065003	-0.331475	-0.026695	-0.327685	0.005507	-0.266717	0.141584	-0.067425	0.042697	
