-2.540730	3.200648	-2.880273	1.937475	-1.497203	1.690049	-1.396223	0.669412	0.051462	-0.227304	-0.092972	0.123919	
-0.363949	0.863145	-0.084068	0.692497	-0.386542	0.400067	-0.398055	0.181721	-0.468414	0.094741	-0.214051	-0.103471	
-2.144377	2.276252	-1.268302	-0.180409	0.431157	0.094167	-0.687521	0.507679	0.315040	-0.648852	0.497165	-0.131044	
-1.613599	1.159798	-0.315824	-0.413298	0.129431	0.142709	-0.262849	0.049407	0.237373	-0.020978	-0.147048	0.149272	
-3.044407	5.332758	-6.940670	6.894756	-5.370438	3.085708	-1.067429	-0.269719	0.881373	-0.759895	0.511609	-0.189018	
-0.703999	0.061047	-0.384142	0.124824	-0.272751	0.126581	-0.092395	0.136631	-0.021986	0.056897	-0.042579	0.074569	
-2.475594	3.122670	-2.432220	1.009246	-0.410352	0.783446	-1.253414	0.909443	0.028016	-0.579693	0.451462	-0.082839	
-1.203102	0.352678	-0.034360	-0.153115	-0.102229	0.035546	0.060104	0.091807	0.026458	0.001210	-0.036835	0.032491	
-2.486187	3.426308	-3.057876	1.676002	-0.978529	1.146624	-1.934244	2.139903	-1.343508	0.460134	0.066243	-0.051513	
-1.517525	1.543343	-1.072234	0.730094	-0.684187	0.613146	-0.580937	0.438755	-0.395685	0.274350	-0.184549	0.057505	
-1.959506	2.102980	-1.365589	0.312853	-0.121626	0.275771	-0.575497	0.317376	0.098562	-0.099841	-0.021479	0.154262	
-1.389191	0.858772	-0.424551	-0.201978	0.150808	-0.017921	-0.031160	0.176403	0.039096	-0.111213	0.024690	0.012649	
-3.017443	4.602556	-4.874274	3.747754	-2.432643	1.842231	-1.478509	0.886115	-0.068457	-0.427106	0.297348	-0.053130	
-0.922857	0.952221	-0.668060	0.444450	-0.376626	0.146007	-0.114734	0.055283	0.001452	-0.048856	0.161369	-0.088064	
-2.413086	2.952083	-2.430419	1.274834	-0.505408	0.180244	-0.099844	0.046543	-0.051309	0.173965	-0.076739	-0.009589	
-1.303363	0.639383	-0.153115	-0.248228	-0.014518	0.034553	-0.081795	0.103507	0.130256	-0.015287	-0.050120	0.045300	
-1.471662	1.517831	-1.665703	1.681251	-1.413595	1.210352	-0.934626	0.737603	-0.846422	0.732640	-0.578868	0.213909	
0.100431	0.736409	-0.325448	-0.298554	-0.798137	-0.375923	-0.494664	0.070054	0.028748	0.400247	0.158999	0.259117	
-1.994865	1.686178	-0.687863	-0.089074	0.252446	-0.095263	-0.062463	0.123085	0.031866	-0.158547	0.158187	-0.033021	
-1.736531	0.976379	-0.105628	-0.249522	-0.210767	0.725092	-0.411451	-0.060270	0.241022	-0.040031	-0.197677	0.141222	
-0.969110	0.254081	-0.298377	0.092292	-0.243553	0.090846	-0.037179	0.110347	0.085344	-0.012141	-0.053415	0.044798	
-0.768463	0.181534	-0.449199	0.162092	-0.329337	0.162869	-0.148725	0.206759	-0.064104	0.073825	-0.025293	0.064368	
-2.235061	2.393401	-2.044327	1.550577	-1.042192	0.433941	0.138205	-0.651841	0.840571	-0.640147	0.521920	-0.232888	
-1.102917	0.137011	-0.143250	0.085731	-0.074781	0.020024	0.053918	0.009264	0.041950	-0.020097	-0.001528	0.035728	
-2.398517	2.385209	-1.658437	1.838123	-2.496263	2.592894	-2.108609	1.495909	-1.151064	1.286275	-1.239666	0.514342	
-0.716509	1.297005	-0.502606	1.025515	-0.402316	0.648906	-0.205623	0.260652	-0.198554	0.152062	-0.105108	-0.072793	
-1.505619	1.421274	-1.015509	0.190038	0.099043	-0.145721	-0.047765	0.243130	-0.166047	0.091513	-0.079433	0.059762	
-1.147456	1.285574	-0.615609	0.244317	-0.143768	0.144710	-0.235738	0.034360	-0.197463	0.051713	-0.115228	-0.014830	
-1.635071	0.731303	0.080026	-0.158699	-0.163677	0.101719	0.092935	0.012910	-0.016360	-0.061170	0.009611	0.062361	
-0.805533	0.233294	-0.558499	0.310466	-0.390381	0.274275	-0.258889	0.215868	-0.098977	0.097090	-0.035499	0.077895	
-2.369589	3.166704	-3.539002	2.991629	-1.880025	0.898534	-0.234153	-0.030665	0.099981	-0.101566	0.134607	-0.054668	
-1.417762	0.478964	0.067933	-0.168287	-0.147780	0.131512	0.037462	0.080878	-0.009310	-0.037270	0.010473	0.022323	
-2.064186	1.703639	-0.773131	0.619721	-1.045441	1.432808	-1.329957	0.750332	-0.207030	0.395275	-0.745908	0.406486	
-0.062719	0.580409	0.384733	0.449898	-0.113716	0.108643	-0.284873	-0.180609	-0.401959	-0.154614	-0.182188	-0.189388	
-2.291327	2.271733	-1.101357	-0.231195	0.296123	0.476360	-0.606889	0.118534	0.400046	-0.346494	-0.047471	0.108139	
-2.170236	1.708675	-0.407270	-0.346524	0.113041	0.431790	-0.270300	-0.181505	0.256135	0.099683	-0.416397	0.232470	
-0.750098	0.138789	-0.439702	0.168697	-0.281080	0.119178	-0.038072	0.028533	0.039510	-0.014653	0.077473	0.014605	
-0.733672	0.091217	-0.379883	0.080715	-0.178785	0.052335	-0.027979	0.076079	-0.047349	0.077865	-0.069471	0.117802	
-2.463291	2.574849	-1.531246	0.530104	-0.280372	0.579360	-0.489360	-0.065413	0.493988	-0.276781	-0.214899	0.192425	
-1.255131	0.439657	-0.068970	-0.250526	-0.009668	0.164343	-0.017823	-0.044570	0.093072	0.079807	-0.125343	0.073550	
-1.138506	0.198819	-0.071081	-0.093448	-0.007486	0.075231	0.032842	0.038111	0.000742	-0.017746	-0.045656	0.086200	
-1.929098	1.363376	-0.431556	0.207164	-0.554651	1.012696	-0.999945	0.469426	0.065198	0.080399	-0.473938	0.311239	
-2.293457	2.416668	-1.418960	0.251952	0.362911	-0.292006	-0.022445	0.143764	-0.051116	-0.022865	-0.006423	0.063295	
-1.598824	1.135331	-0.504628	-0.178202	0.186236	-0.140618	-0.075154	0.225630	0.049789	-0.132748	0.192307	-0.075990	
-0.504316	0.491180	-0.924613	0.074657	-0.420742	0.201825	-0.173868	0.259468	-0.059094	0.177583	0.007960	0.033963	
-1.360305	0.808648	-0.353487	0.137168	-0.305960	0.374369	-0.439624	0.370635	-0.277460	0.178328	-0.071068	0.035443	
-2.626187	3.316692	-2.683352	1.186405	-0.216279	0.121545	-0.212896	0.179007	0.071392	-0.235963	0.140910	-0.015374	
-1.501447	0.837095	-0.197451	-0.220430	-0.032803	0.090587	-0.020270	0.052358	0.041387	0.031076	0.055026	-0.062404	
-1.810373	1.907821	-2.013033	1.752185	-1.472698	1.108525	-0.719172	0.538908	-0.687421	0.743962	-0.653351	0.361633	
-0.291897	0.934650	-0.281139	0.159434	-0.423937	-0.040027	-0.351812	-0.069465	-0.257941	0.116415	-0.065260	0.055791	
-1.951481	1.699919	-0.637794	-0.391004	0.323206	0.138603	-0.311644	0.116231	0.150362	-0.100843	-0.078388	0.131269	
-1.792413	1.081710	-0.184819	-0.158390	0.005634	0.188170	-0.233816	0.129750	0.103770	-0.149835	0.044955	0.030538	
-1.155155	0.553522	-0.415720	0.181852	-0.226189	0.111565	0.001094	-0.019876	0.010549	0.058995	-0.077814	0.102622	
-0.779183	0.087976	-0.399152	0.193208	-0.237077	0.200205	-0.190850	0.157254	-0.120037	0.093749	-0.091831	0.144571	
-2.314562	2.555507	-1.772791	0.628780	0.018072	-0.008927	-0.145465	0.197674	-0.073918	-0.072962	0.085819	0.000733	
-1.357869	0.301864	0.070044	-0.029650	-0.046501	0.006888	0.036280	0.082879	0.026500	-0.073762	-0.046337	0.079488	
-2.171599	1.985198	-1.326932	1.439918	-1.866853	2.142652	-2.016146	1.402961	-0.819146	0.977497	-1.133923	0.525013	
-1.303006	1.018902	-0.778470	0.381783	-0.518015	0.428138	-0.459021	0.387800	-0.353565	0.319958	-0.162681	0.121441	
-1.882851	1.756203	-1.243812	0.467169	-0.016474	-0.117853	0.042421	0.061578	-0.013977	0.027576	-0.025145	0.021643	
-1.662351	0.934423	-0.416531	0.194812	-0.220328	0.198972	-0.000182	0.019239	0.024231	-0.003946	0.021818	-0.053506	
-1.917885	1.126931	-0.035145	-0.231892	-0.100895	0.264926	0.018905	-0.078542	-0.022275	-0.039342	-0.037918	0.097615	
-0.935059	0.462385	-0.504048	0.214046	-0.388562	0.242768	-0.157360	0.093925	-0.096612	0.074942	0.016504	0.052571	
-2.341315	3.085333	-3.096116	2.194803	-1.302472	0.662890	-0.430615	0.215902	0.133296	-0.274546	0.389762	-0.185018	
-1.676841	0.587498	0.077754	0.073149	-0.059275	0.075432	-0.041190	0.000165	0.010364	-0.028335	-0.059024	0.067053	
-2.128029	2.706103	-2.230946	1.231687	-0.766209	0.686695	-0.756161	0.470105	-0.279122	0.230236	-0.230663	0.209467	
-0.600435	0.877013	-0.351880	0.559410	-0.431090	0.342249	-0.352101	0.070081	-0.297072	-0.033542	-0.063571	-0.158655	
-1.931009	1.839676	-0.855631	-0.393502	0.433838	0.044572	-0.477908	0.301349	0.300055	-0.398160	0.214954	-0.001372	
-1.861987	1.360705	-0.357092	-0.343629	0.166408	0.156539	-0.127883	-0.043131	0.130137	0.022570	-0.084793	0.052407	
-1.376926	0.457612	-0.130602	0.058005	-0.117093	0.046423	-0.011998	0.028896	0.111851	-0.023429	0.070777	-0.070746	
-0.682722	0.046088	-0.439459	0.194108	-0.240538	0.113805	-0.118828	0.090002	-0.047547	0.068846	0.011348	0.066280	
-2.227336	2.476291	-1.624272	0.404803	-0.137411	0.492906	-0.993299	0.957199	-0.389697	-0.079963	0.193043	-0.014586	
-1.215242	0.387341	-0.206072	-0.129597	0.101752	0.019757	0.007227	0.114930	-0.004069	-0.145841	0.014410	0.116044	
-0.795495	0.172689	-0.489134	0.250982	-0.300965	0.191838	-0.121311	0.073548	-0.038265	0.038807	0.017494	0.059716	
-1.269744	1.459474	-1.152858	0.612426	-0.482105	0.215514	-0.364783	0.276654	-0.307277	0.280364	-0.138172	0.098581	
-2.029444	1.911330	-1.239904	0.348600	0.049955	0.005204	-0.227542	0.317497	-0.040736	-0.227962	0.374667	-0.185981	
-1.239819	0.653574	-0.484116	-0.013983	0.081970	-0.128116	-0.010668	0.169272	-0.038853	-0.052536	0.128076	0.008316	
-1.235678	0.145622	0.053140	0.025238	-0.026377	0.003324	0.031431	0.029009	0.006219	-0.024881	-0.021962	0.064495	
-1.035727	0.872133	-0.754319	0.424868	-0.539769	0.141309	-0.211491	-0.115140	0.162033	-0.022537	0.111756	0.120582	
-2.552558	3.632205	-3.500577	2.035910	-0.473691	-0.529979	0.631240	-0.272562	-0.108367	0.315309	-0.217572	0.111353	
-1.249131	0.622108	-0.314922	-0.156963	-0.062828	0.057400	0.077212	-0.081772	0.075980	0.147408	-0.102896	0.049580	
-1.519488	1.620181	-1.777201	1.342302	-1.308078	1.168939	-1.115970	0.906267	-0.747434	0.620368	-0.289540	0.188194	
-0.174372	0.286853	-0.387970	0.026618	-0.243970	-0.150395	-0.235649	-0.008134	-0.250783	0.264182	0.031302	0.208292	
-1.834185	1.599044	-0.848139	-0.083206	0.344466	-0.168486	-0.102562	0.196264	0.013131	-0.121571	0.171957	-0.060649	
-1.652112	0.837405	-0.074091	-0.250978	0.072336	0.248340	-0.107099	-0.096650	0.117629	0.042628	-0.192266	0.126874	
-1.053519	0.118238	-0.257631	0.226073	-0.149364	0.133811	-0.050534	0.069366	-0.027011	0.028814	0.005188	0.000830	
-0.683379	0.111886	-0.487488	0.210652	-0.344939	0.162490	-0.166319	0.161818	-0.072547	0.122660	0.000429	0.050899	
-2.036160	2.372127	-2.116141	1.075767	-0.351420	-0.127020	0.175154	0.056969	0.068585	-0.129760	0.212736	-0.120300	
-0.939936	0.052632	-0.198685	0.059369	-0.027667	0.008556	-0.027348	0.036407	-0.020028	0.062143	-0.061477	0.108039	
-2.113206	1.747174	-1.186437	1.810498	-2.455810	2.070172	-1.405475	1.263063	-1.175581	0.900128	-0.669744	0.266446	
-0.935502	0.783111	-0.526731	0.755830	-0.752858	0.633097	-0.450141	0.344501	-0.416251	0.293662	-0.234244	-0.004025	
-1.576123	1.200564	-0.694103	0.321211	0.067810	-0.202046	0.048140	0.183743	-0.363828	0.316436	-0.259338	0.160140	
-1.285539	0.892603	-0.628460	0.370509	-0.274465	0.188517	-0.106773	0.009620	-0.227382	0.313820	-0.228127	0.096838	
-1.595495	0.700911	0.002661	-0.198265	0.000614	0.173423	0.035082	-0.090091	0.008796	0.067738	-0.114700	0.062314	
-0.798219	0.204770	-0.474983	0.272741	-0.380863	0.239728	-0.238998	0.212592	-0.182965	0.186033	-0.104559	0.128349	
-0.655442	0.092405	-0.451297	0.144441	-0.285595	0.137497	-0.182483	0.238217	-0.134524	0.158726	-0.112287	0.125523	
-1.502339	0.389680	0.131778	-0.010427	-0.013192	0.050413	0.026117	-0.010973	-0.017044	-0.018335	-0.043583	0.064993	
-2.031507	1.937911	-1.216947	0.655623	-0.721885	0.919601	-0.986879	0.774841	-0.676270	0.612101	-0.446921	0.239320	
-0.163432	1.146376	0.061765	0.433052	-0.119106	0.023133	-0.308363	-0.272753	-0.473860	-0.147313	-0.229372	-0.059217	
-2.345133	2.276995	-0.919678	-0.294910	0.317114	0.124490	-0.172792	0.012625	0.075702	-0.048102	-0.000232	0.027049	
-1.836790	1.141845	-0.183460	-0.292816	0.124313	0.303376	-0.139272	-0.196252	0.163783	0.173653	-0.382232	0.194913	
-0.780746	0.156585	-0.494021	0.184295	-0.181569	0.060107	-0.010589	0.013519	0.022523	0.037266	-0.014729	0.061310	
-0.701477	-0.000102	-0.319377	0.107398	-0.167573	0.078259	-0.069637	0.069161	-0.046517	0.049742	0.048427	0.023479	
-2.561143	3.056619	-2.052986	0.390217	0.431210	-0.052420	-0.496449	0.437240	0.010755	-0.275941	0.145304	0.026642	
-1.276354	0.267580	-0.105968	-0.079576	0.142918	0.167517	-0.081169	-0.077855	0.081564	0.061561	-0.089168	0.037204	
-1.125034	0.059029	-0.006410	0.018212	0.006672	0.018018	0.010358	0.019798	0.011529	0.000272	0.003512	0.029747	
-1.719672	1.308032	-0.749690	0.450640	-0.575845	0.649735	-0.535042	0.146143	0.044539	0.104624	-0.171198	0.115575	
-2.105534	2.049788	-1.155253	0.043304	0.392710	-0.210847	-0.151417	0.241403	0.006840	-0.231891	0.323122	-0.134688	
-1.610364	1.105940	-0.612856	-0.004896	0.183880	-0.184820	0.037667	0.194883	-0.110432	-0.035608	0.190506	-0.087755	
-0.727219	0.206684	-0.559273	0.177456	-0.305746	0.172899	-0.124668	0.158579	-0.126689	0.158707	-0.073669	0.104457	
-1.257989	0.594971	-0.484335	0.444942	-0.358905	0.315791	-0.252963	0.167221	-0.212206	0.122496	-0.054845	0.047005	
-2.328134	2.929925	-2.631061	1.347954	-0.194102	-0.330633	0.207957	0.266904	-0.488673	0.495102	-0.319647	0.120505	
-1.547339	0.753603	-0.230004	0.008397	0.144330	-0.000960	-0.112340	0.106335	-0.064260	0.058191	-0.143822	0.124010	
-1.469407	1.078089	-1.041225	1.273019	-1.337744	1.027967	-0.710017	0.598963	-0.658760	0.727195	-0.396910	-0.061925	
-0.630785	0.665238	-0.128481	-0.074030	-0.224758	-0.023752	-0.309915	0.046321	-0.239744	0.173538	-0.047613	0.060902	
-2.028535	1.626071	-0.645720	-0.108933	0.123595	0.224364	-0.285853	0.135001	0.026766	-0.061113	0.035668	0.012859	
-1.709004	1.025044	-0.221953	-0.231264	0.140617	0.085837	-0.124293	0.020053	0.068456	-0.000168	0.018360	-0.013406	
-1.210643	0.354562	-0.261081	0.177164	-0.101311	0.052413	0.029678	0.000721	-0.048416	0.023110	-0.015621	0.045282	
-0.791724	0.125185	-0.432008	0.177484	-0.203533	0.128124	-0.107401	0.130132	-0.155639	0.173006	-0.057811	0.075366	
-2.110746	2.236807	-1.760427	0.773850	-0.056443	-0.306871	0.244876	0.111541	-0.200629	0.128224	0.093841	-0.099434	
-1.328769	0.221442	0.028751	0.062811	-0.004350	0.048727	0.009983	-0.038427	0.001860	0.032518	0.016521	-0.013347	
-2.427616	2.431470	-1.559723	1.321191	-1.656934	1.915328	-1.764173	1.297686	-1.065883	1.165211	-0.990540	0.366051	
-0.819839	0.849734	-0.781893	0.456727	-0.535126	0.210111	-0.451341	0.186137	-0.282642	0.358600	-0.183823	0.253707	
-2.025127	2.025360	-1.343076	0.251152	0.332773	-0.266810	0.045346	0.235612	-0.309119	0.281396	-0.144345	0.001791	
-1.433879	0.970985	-0.526529	0.044282	-0.120360	0.137113	-0.080853	-0.075348	0.091855	0.092860	-0.127421	0.107493	
-1.786001	0.983746	0.089865	-0.315016	-0.152272	0.164565	0.120269	-0.012667	-0.124668	-0.015020	0.152494	-0.049809	
-1.001015	0.247464	-0.395058	0.299224	-0.292394	0.219289	-0.132888	0.123951	-0.161230	0.100033	-0.034503	0.081604	
-2.675053	3.979601	-4.033475	2.600911	-0.709481	-0.237358	0.167758	0.336776	-0.640999	0.493781	-0.239820	0.073039	
-1.518399	0.566176	0.035180	-0.078476	-0.026487	0.040756	0.013505	-0.047819	-0.017654	0.056782	0.090378	-0.061087	
