0.402990	1.407439	0.559257	1.277941	-0.106877	0.558964	-0.307625	0.189028	-0.244935	0.212240	-0.081459	0.057915	
-1.315905	1.155548	-0.612026	-0.318957	0.091543	-0.098577	-0.176194	0.263010	0.174450	-0.103404	0.227394	-0.071144	
-1.119043	0.104434	0.019761	0.011169	-0.014668	0.028573	0.001083	0.047617	0.015134	-0.031931	-0.035664	0.115389	
-1.381171	1.682966	-1.453938	0.895990	-0.793371	0.395535	-0.325780	0.327567	-0.311121	0.218000	-0.066752	0.080071	
-1.042113	0.560489	-0.380723	0.098491	-0.374630	0.243935	-0.093263	0.038743	-0.152967	0.065203	0.073259	0.078229	
-1.718112	1.508774	-1.163823	0.327733	0.197154	-0.270514	0.257552	0.122886	-0.340000	0.210075	-0.267097	0.222943	
-0.729832	0.753316	-0.495920	0.475468	-0.512745	0.420265	-0.193017	0.205786	-0.179633	0.140684	-0.105322	0.038366	
-2.902034	4.978862	-5.683186	4.715673	-2.861183	1.654732	-1.478879	1.865106	-1.902543	1.462262	-0.766990	0.255557	
0.166809	1.018290	-0.090610	0.194141	-0.440723	-0.072405	-0.499323	-0.050915	-0.161477	0.136682	0.035570	0.067481	
-1.851270	1.935242	-1.191084	0.169177	0.456576	-0.378451	0.012560	0.276954	-0.155055	-0.081504	0.291054	-0.108713	
-1.480658	0.810483	-0.300884	-0.227889	0.248092	0.250279	-0.113439	-0.009874	-0.055705	0.018867	-0.090688	0.151427	
-1.851549	1.872803	-1.453850	0.690750	-0.395539	0.407292	-0.765828	1.108871	-0.793127	0.355249	0.052261	-0.056265	
-0.673833	0.115722	-0.492407	0.196261	-0.312796	0.155561	-0.130554	0.103599	-0.030195	0.049202	0.074479	0.021054	
-2.225001	2.823193	-1.938227	0.511137	0.485526	-0.394098	-0.051853	0.328281	-0.212244	0.213964	-0.189463	0.158337	
-0.916649	0.765419	-0.717246	-0.009489	-0.270200	0.038449	-0.033803	0.219609	-0.089436	0.155869	0.063785	0.024151	
0.167407	-0.210364	-0.218754	-0.277069	-0.288614	-0.262173	0.040996	0.088472	0.090778	0.270688	0.097774	0.187027	
0.480665	1.242895	0.573414	0.893123	-0.062663	0.147325	-0.391656	-0.027806	-0.217420	0.019085	-0.027241	0.068606	
-1.683171	1.312242	-0.670329	-0.140535	0.311236	0.113119	-0.042715	-0.000025	-0.036266	0.018140	-0.090734	0.139042	
-1.048732	0.301728	-0.254699	-0.029609	0.038691	0.115118	-0.142585	0.048637	0.044030	-0.049576	-0.054089	0.188039	
-1.349858	1.707260	-1.639477	1.334799	-1.195168	1.072383	-0.957231	0.994521	-0.921125	0.586118	-0.372622	0.101526	
-0.757407	0.283362	-0.643350	0.414954	-0.566759	0.464455	-0.338510	0.202314	-0.251430	0.252005	-0.112355	0.135941	
-2.184107	2.137898	-1.531504	0.740978	0.029409	-0.161415	0.197356	0.027478	-0.616352	0.653884	-0.286011	0.104698	
-1.161088	1.018534	-0.838191	0.606408	-0.857529	0.536169	-0.349662	0.212486	-0.060675	-0.089551	0.160938	0.010741	
-1.034928	0.381154	-0.294527	0.166340	-0.355297	0.371330	-0.209936	0.068044	-0.290822	0.101803	0.001433	0.190786	
-0.282354	1.166315	-0.439763	0.649791	-0.339874	0.369028	-0.399275	0.200002	-0.291496	0.034180	-0.121767	0.015240	
-1.809770	1.913424	-1.464360	0.726979	-0.271309	0.045883	-0.014416	-0.195543	0.376980	-0.446720	0.501844	-0.133834	
-1.163177	0.677762	-0.252007	-0.270896	-0.064805	0.020284	0.045095	0.119584	0.045132	0.037247	0.043697	0.020808	
-2.326319	2.510375	-1.742851	0.904102	-0.364550	0.487646	-0.909650	1.000763	-0.713777	0.331097	-0.094905	0.034560	
-0.425889	0.252696	-0.326320	0.098629	-0.371015	0.148523	-0.116312	0.204663	-0.191324	0.184315	-0.073180	0.182089	
-2.409547	3.245994	-2.868559	1.505020	-0.097442	-0.554964	0.387113	0.103323	-0.309055	0.238239	-0.003089	-0.031542	
-1.189493	1.304596	-0.928354	0.349267	-0.373821	0.122446	-0.260051	0.354001	-0.379736	0.348241	-0.073083	0.083306	
-0.666593	0.037148	-0.386650	0.051519	-0.115517	0.031550	-0.058565	0.034695	0.051653	0.077397	-0.067431	0.074636	
0.140207	1.047953	0.049888	0.881459	-0.296204	0.538428	-0.151819	0.521454	-0.001229	0.315634	-0.015763	0.075754	
-1.622345	1.465706	-0.775694	-0.244659	0.277860	0.011552	-0.290586	0.387466	-0.010668	-0.172226	0.270206	-0.090973	
-1.247622	0.306736	-0.054580	-0.129018	-0.018087	0.070526	0.134209	0.050121	-0.044296	-0.090666	-0.023350	0.102559	
-1.337711	1.215130	-1.085636	0.609883	-0.517086	0.748980	-0.633205	0.718974	-0.651065	0.421399	-0.399848	0.235302	
-1.082339	0.765173	-0.344190	0.058658	-0.198631	0.103219	-0.205439	0.264080	-0.397032	0.362788	0.023898	0.035549	
-2.170529	2.073110	-1.617673	0.678947	0.388602	-0.363344	0.144007	-0.036459	-0.243275	0.304089	-0.151629	0.033346	
-1.153448	0.756154	-0.438976	0.173401	-0.594603	0.560980	-0.331604	0.168662	-0.136836	0.057356	0.120854	-0.047048	
-1.375569	1.480053	-1.071442	0.204642	-0.476217	0.462563	-0.548236	0.557964	0.075404	-0.184464	0.324746	-0.226448	
0.021242	0.291936	-0.030071	0.242219	-0.197317	0.029028	-0.284430	-0.032550	-0.150097	0.143166	-0.167335	0.239160	
-1.975425	2.069998	-0.926051	-0.199264	0.463189	-0.012145	-0.267378	0.085926	0.170152	0.038546	-0.214349	0.189380	
-1.684371	1.008272	-0.239810	-0.275750	0.213258	0.206611	-0.038903	-0.042445	-0.041126	0.002361	-0.068147	0.100391	
-1.418358	0.692263	-0.338363	-0.005100	0.198699	-0.024135	-0.078366	0.111995	0.019942	-0.076180	-0.110303	0.187344	
-0.701907	0.064010	-0.415299	0.108996	-0.233481	0.135872	-0.080939	0.110939	-0.098091	0.094918	-0.017973	0.093668	
-2.564565	3.351716	-2.510986	0.767163	0.456221	-0.349410	-0.264553	0.492556	-0.134916	-0.199134	0.163602	-0.006333	
-1.252994	1.074028	-0.583832	-0.020802	-0.249110	0.352517	-0.281563	0.172972	0.042041	-0.080756	0.039797	0.004146	
-0.504993	0.145037	-0.393862	-0.276326	-0.067288	0.069527	-0.010861	0.070327	-0.110503	0.137196	0.041884	0.055101	
0.251245	1.241203	0.285949	0.928439	-0.517190	0.263451	-0.541043	0.021361	-0.280709	0.141253	-0.071510	-0.006190	
-1.505557	1.179441	-0.264183	-0.280287	0.234377	-0.099136	-0.294389	0.559258	-0.804172	0.717561	-0.301789	0.106024	
-1.183684	0.193001	-0.105650	0.149625	-0.084321	0.064775	-0.051707	0.053435	-0.000269	0.071551	0.054512	-0.053923	
-2.146855	2.321887	-2.082853	1.568997	-0.931360	0.431248	-0.037410	-0.034720	-0.144448	0.137992	-0.000027	-0.012273	
-0.809330	0.206115	-0.492292	0.233065	-0.332606	0.213671	-0.164035	0.163368	-0.118786	0.198229	-0.068015	0.045363	
-2.085235	2.463577	-1.842074	0.215759	0.633477	-0.674162	0.152134	0.733086	-0.973643	0.859400	-0.460039	0.117025	
-1.083505	1.023541	-0.724628	0.437143	-0.601494	0.622666	-0.495926	0.394650	-0.481421	0.310536	-0.277712	0.136105	
-1.213554	0.601606	-0.132710	0.080152	-0.496434	0.540095	-0.327348	0.120737	-0.206087	0.176173	-0.116199	0.123104	
-0.370747	0.822398	-0.542275	0.454419	-0.490441	0.149685	-0.556046	0.254748	-0.333722	0.335277	-0.238189	0.263828	
-1.599275	1.661780	-1.191119	-0.067879	0.204640	-0.071708	-0.261665	0.819073	-0.430107	0.204122	0.081838	-0.175585	
-1.318208	0.962114	-0.471878	-0.270358	0.123561	-0.013318	-0.074139	0.146605	0.065604	-0.042649	0.095697	0.029273	
-1.378013	0.747599	-0.465824	0.336445	-0.607165	0.593406	-0.273001	0.307558	-0.478947	0.440535	-0.108374	-0.067850	
-0.818449	0.118886	-0.396738	0.161307	-0.274841	0.206680	-0.110429	0.150054	-0.093757	0.115920	-0.128279	0.130345	
-2.493582	3.380237	-2.646395	0.925242	0.435846	-0.461134	-0.087287	0.411621	-0.172709	-0.025797	0.032192	0.044426	
-1.449251	1.096075	-0.693917	0.164665	-0.068440	0.393203	-0.414619	0.333280	-0.406329	0.106760	0.061809	0.054796	
-0.894979	0.126716	-0.310302	0.121270	-0.159687	0.077793	-0.028281	0.082061	-0.043956	0.030106	0.007980	0.047797	
0.289954	0.949541	0.458881	0.948403	0.137989	0.552714	-0.027543	0.319763	-0.114755	0.065013	-0.061882	0.091627	
-1.359977	1.321990	-0.821565	-0.137541	0.084766	-0.274911	-0.160526	0.259971	0.120568	-0.098510	0.303350	-0.094447	
-1.203703	0.056691	0.011969	0.063452	0.051269	0.034850	0.030414	0.027178	-0.027949	-0.002494	-0.024847	0.028185	
-1.333101	0.305802	0.021071	-0.072697	0.057138	0.184083	0.045528	-0.073707	-0.091873	-0.052869	0.031997	0.078714	
-0.958732	0.358070	-0.438976	0.276247	-0.314469	0.102538	-0.054372	0.068079	-0.146659	0.037979	0.059194	0.099261	
-1.991053	1.899531	-1.643215	0.607718	0.480147	-0.711367	0.741122	-0.154300	-0.366735	0.326476	-0.396202	0.258645	
-1.614689	0.765628	-0.310722	-0.005781	0.341443	-0.009797	-0.077755	0.118461	-0.163248	-0.221253	0.248853	-0.002814	
-1.350467	0.776808	-0.196345	-0.320663	0.049968	0.144764	-0.069934	0.047290	0.073931	-0.033730	0.016695	0.090863	
0.143887	0.732593	-0.140096	0.140022	-0.560399	-0.105768	-0.440571	0.005919	-0.048738	0.160174	0.084263	0.132271	
-1.957990	1.797278	-1.103692	0.083622	0.309999	-0.366528	0.196319	0.205942	-0.146412	-0.110442	0.343634	-0.203390	
-1.539953	0.669019	-0.108322	-0.102252	0.197322	0.152304	0.008324	-0.077045	-0.110750	-0.036809	0.089827	0.029680	
-1.551305	0.829674	-0.108272	-0.172889	0.052854	0.100527	-0.082938	-0.033858	0.052564	0.051258	0.061416	0.003988	
-0.823211	0.191216	-0.468630	0.221315	-0.289233	0.110995	-0.043423	0.036652	0.007100	0.000835	0.081240	0.039516	
-2.308249	3.018521	-2.222913	0.606711	0.618243	-0.556247	-0.010911	0.412055	-0.276259	0.128357	-0.073538	0.077259	
-1.120684	0.977294	-0.677618	0.113329	-0.311044	0.124287	-0.015331	-0.149159	0.408508	-0.227261	0.095662	0.008870	
-0.470101	-0.242596	-0.209640	-0.048401	-0.080606	0.078735	-0.059850	0.042540	0.099862	0.129726	0.004984	0.068302	
0.150842	1.165865	0.270412	0.851167	-0.354724	0.424270	-0.411097	0.102566	-0.296637	0.123353	-0.165915	0.065091	
-1.597966	1.178253	-0.643315	0.119725	0.058441	-0.152649	0.062502	0.062486	-0.086561	0.042422	0.094014	-0.013268	
-1.037004	0.353734	-0.210208	-0.087791	-0.120201	0.058472	0.093837	0.042739	0.004763	-0.043569	0.041686	0.053873	
-1.313084	1.748775	-1.601002	1.399283	-1.176349	0.821285	-0.702676	0.520996	-0.471027	0.242068	-0.018331	0.046276	
-0.784558	0.223903	-0.579252	0.292722	-0.387454	0.246054	-0.253789	0.318135	-0.190196	0.167195	-0.094546	0.095204	
-0.713016	0.856988	-0.860429	0.122095	-0.540655	0.152427	-0.277095	0.328513	0.031076	0.224962	-0.031301	0.159498	
-1.277601	1.131497	-0.836047	0.643307	-1.082482	0.791455	-0.359712	0.087201	0.091138	-0.035377	0.232141	-0.188973	
-0.956518	0.322554	-0.385326	0.172263	-0.281683	0.323813	-0.211990	0.011247	-0.164766	0.069883	-0.049924	0.219717	
-0.079434	1.061791	-0.297717	0.256737	-0.700299	-0.017528	-0.628667	0.130612	-0.029816	0.249659	0.056453	0.196603	
-0.912354	0.425197	-0.601450	0.450898	-0.590424	0.395502	-0.317535	0.268641	-0.233937	0.145101	-0.046044	0.083582	
-1.372703	0.591832	-0.121576	-0.226453	-0.060767	0.047295	0.125306	0.137184	-0.025373	-0.077706	0.121703	-0.069884	
-1.365297	0.365852	0.010491	0.010795	0.070188	-0.027312	-0.053349	0.174031	0.029573	-0.223394	-0.015543	0.149566	
-0.697883	0.157485	-0.468411	0.157979	-0.326771	0.127946	-0.147851	0.148261	-0.079023	0.111070	-0.052755	0.136584	
-1.267966	0.494238	-0.099740	-0.179002	-0.109096	0.056508	0.103445	0.027387	0.092703	-0.021721	-0.081567	0.097945	
-1.319870	1.004422	-0.721225	0.373987	-0.440173	0.410786	-0.242873	0.051991	-0.231989	0.078415	0.044426	0.080023	
-0.692601	0.026539	-0.305902	0.022403	-0.121890	-0.017519	0.072015	0.073629	-0.017576	-0.022274	0.007523	0.048402	
-1.648148	1.265768	-0.864317	0.300775	0.008786	0.237205	-0.061445	0.092668	-0.345457	0.233925	-0.203372	0.184236	
-1.732224	1.534579	-0.732842	-0.242590	0.256432	-0.154496	-0.150002	0.273856	0.059222	-0.262928	0.465345	-0.202304	
-1.390035	0.209308	0.013922	0.076047	0.080583	0.050246	0.071268	-0.004124	-0.055335	-0.105461	-0.027376	0.110296	
-0.910107	0.318637	-0.463141	0.174291	-0.310990	0.157294	-0.119438	0.131012	0.020434	-0.047998	0.056018	0.091606	
-1.039031	0.440379	-0.392732	0.210041	-0.360857	0.163691	-0.163865	0.259779	-0.149828	0.126261	-0.003217	-0.002047	
-0.631060	0.042556	-0.388837	0.191443	-0.385298	0.216300	-0.248457	0.201247	-0.018625	0.151152	-0.130588	0.086692	
-1.124379	0.717223	-0.617843	0.352572	-0.564621	0.386606	-0.278252	0.158298	-0.069177	-0.017212	0.112963	0.035407	
-1.311450	1.343890	-1.016847	-0.007331	-0.203345	0.069738	-0.192056	0.393927	0.238152	-0.271953	0.352047	-0.167280	
-0.044425	0.380390	-0.125998	-0.030057	-0.404182	-0.191392	-0.286736	0.102505	-0.116330	0.036301	0.023687	0.138357	
-2.121207	2.047023	-1.157362	0.071977	0.480402	-0.205077	-0.080187	0.173387	-0.137597	-0.035061	0.057125	0.039606	
-1.645229	0.939988	-0.105469	-0.150311	-0.069987	0.083512	0.123380	-0.088246	-0.099938	-0.002311	0.188824	-0.038447	
-1.561759	0.699912	-0.156761	0.061537	0.133245	-0.053595	-0.177403	0.093549	0.130174	-0.166049	-0.005016	0.138242	
-0.750163	0.082747	-0.378112	0.133336	-0.195711	0.075346	-0.096400	0.127318	-0.059431	0.078165	-0.013055	0.064714	
-2.247080	2.699291	-2.017899	0.585321	0.318274	-0.630261	0.184917	0.321461	-0.298246	0.055174	0.273512	-0.156166	
-1.294329	1.058667	-0.692790	0.058125	-0.372541	0.237633	-0.098067	0.239532	-0.012619	-0.011084	0.141727	-0.107074	
-0.591107	0.339531	-0.191156	-0.272709	-0.101037	-0.103779	-0.140966	0.023895	0.124337	-0.028169	0.208495	0.047107	
0.440181	1.033431	0.445260	0.436052	-0.438383	-0.210876	-0.614806	-0.209991	-0.201793	0.042680	-0.033230	0.088163	
-1.886405	1.457579	-0.718054	-0.089606	0.375505	-0.102513	0.030323	0.129980	-0.192397	-0.030819	0.145300	-0.053642	
-1.363534	0.333258	-0.172031	0.236726	-0.091657	0.110338	-0.027489	0.049543	0.012381	-0.038164	-0.001985	0.007573	
-1.121168	0.725129	-0.443345	-0.112085	-0.191404	0.014650	0.059399	0.012915	0.108092	0.094196	-0.016564	0.060638	
-0.861809	0.218031	-0.562560	0.353389	-0.319988	0.195620	-0.144171	0.170235	-0.102411	0.065082	-0.037585	0.085824	
-1.067004	0.821666	-0.322661	-0.093670	-0.475441	0.409309	-0.215397	0.294135	-0.120235	0.082147	0.151866	-0.219783	
-1.292754	0.954345	-0.729237	0.465180	-0.586450	0.547587	-0.387681	0.245677	-0.443955	0.236145	-0.075147	0.150836	
-1.094552	0.248917	-0.201710	0.224824	-0.248992	0.290561	-0.247198	0.186274	-0.223060	0.034770	-0.014937	0.137395	
-0.209725	0.915116	-0.265848	-0.014312	-0.661154	-0.313471	-0.549347	0.169274	-0.103376	0.565047	0.003614	0.393207	
-1.628043	1.636277	-1.201059	0.055354	0.058116	0.060429	-0.198158	0.584093	-0.266200	0.121301	0.065770	-0.112993	
-1.423599	0.867308	-0.365775	-0.185829	0.052419	-0.055802	0.031964	0.163632	0.020242	-0.131867	0.279749	-0.135375	
-1.159419	0.365935	-0.390694	0.316760	-0.302466	0.299007	-0.154966	0.258630	-0.311238	0.166116	-0.019673	0.008481	
-0.791781	0.094869	-0.402207	0.227762	-0.319275	0.185922	-0.106465	0.183483	-0.127243	0.077736	-0.003855	0.053982	
-2.349622	2.765064	-2.307417	0.900736	0.492331	-0.901207	0.640815	-0.067322	-0.329781	0.254764	0.033603	-0.072276	
-1.386664	0.850318	-0.524001	0.265254	-0.292270	0.248485	-0.138745	0.107159	-0.176835	-0.002578	0.139980	0.006933	
-0.868789	0.122746	-0.357440	0.173776	-0.117982	-0.031798	0.021815	0.009689	0.025108	-0.054812	0.095251	0.047729	
