-1.036204	0.844796	-0.660703	0.462236	-0.718142	0.584969	-0.448860	0.279816	-0.293503	0.221189	-0.093246	0.070182	
-1.649970	1.050274	-0.198655	-0.281936	0.038419	0.209651	-0.117533	-0.065059	0.078558	0.090578	-0.128383	0.101318	
-0.722700	0.114073	-0.455214	0.165009	-0.286569	0.154735	-0.122224	0.153393	-0.086223	0.100837	-0.036775	0.087921	
-1.504491	1.719882	-1.526877	1.150610	-0.947482	0.849727	-0.870649	0.893803	-0.785958	0.495670	-0.233621	0.096828	
-1.454101	0.585771	-0.014807	-0.145228	-0.087693	0.082069	0.047741	0.043514	0.000335	-0.009398	0.037621	-0.005107	
-1.986680	1.903788	-1.150948	0.347360	-0.277621	0.380521	-0.326535	0.047780	0.353034	-0.391079	0.267460	-0.064063	
0.205906	1.107094	0.337976	0.935530	-0.178053	0.438645	-0.246469	0.201683	-0.152339	0.167169	-0.037392	0.069427	
-2.902034	4.978862	-5.683186	4.715673	-2.861183	1.654732	-1.478879	1.865106	-1.902543	1.462262	-0.766990	0.255557	
-1.008034	0.628912	-0.447155	0.118376	-0.399897	0.209014	-0.173024	0.115723	-0.071880	0.109180	0.043366	0.040003	
-1.454297	0.921088	-0.374060	-0.120811	0.064127	-0.019900	-0.088598	0.156161	0.031101	-0.091222	0.150488	-0.016274	
-0.286572	-0.081490	-0.230726	-0.096966	-0.220668	-0.005216	-0.035579	0.040314	0.081370	0.108685	0.022973	0.051645	
-1.303931	1.256629	-0.888494	0.409969	-0.401591	0.315589	-0.427777	0.321282	-0.197565	0.101166	0.014378	0.037744	
-1.155817	0.125965	0.001402	0.016157	-0.033855	0.033131	0.024092	0.024938	0.014074	0.006575	-0.017199	0.042567	
-1.620240	1.397884	-0.764508	-0.099577	0.159631	-0.082068	-0.136170	0.230299	0.030601	-0.130055	0.254061	-0.093546	
0.096505	0.797462	-0.063189	0.237611	-0.435182	-0.028661	-0.399349	-0.039969	-0.150656	0.079433	-0.012451	0.096617	
-2.150501	2.349433	-1.765099	0.556643	0.389239	-0.489108	0.227947	0.203258	-0.451749	0.402164	-0.201639	0.085981	
-1.712253	1.314563	-0.540801	0.310205	-0.777545	1.020426	-0.679226	0.176099	-0.037621	0.238479	-0.334899	0.237724	
-1.801294	1.393106	-0.541925	-0.041179	-0.166142	0.385029	-0.245340	-0.119938	0.300536	-0.073999	-0.125958	0.132985	
-0.857060	0.242932	-0.534447	0.289791	-0.339360	0.239541	-0.192807	0.206943	-0.144919	0.139496	-0.061712	0.079038	
-2.105970	2.207010	-1.726155	1.177625	-0.913312	0.905223	-0.791548	0.465934	-0.113403	0.010551	-0.033641	0.028089	
-1.637527	0.690046	-0.016452	0.078741	-0.257043	0.283227	-0.025498	-0.084824	0.036367	0.025032	-0.112355	0.096718	
-2.059684	1.961561	-1.351139	0.742224	-0.514849	0.477041	-0.220139	-0.166420	0.231592	0.053762	-0.134461	0.044698	
-0.357885	0.833995	-0.209348	0.492221	-0.494780	0.356726	-0.419985	0.124493	-0.258353	0.134792	-0.094614	0.037091	
-1.090162	0.288287	-0.294217	0.213690	-0.220474	0.124320	-0.057153	0.108887	-0.021997	0.020516	-0.002867	0.020984	
-1.334172	0.978332	-0.643093	0.251574	-0.318984	0.268339	-0.207514	0.104973	-0.078830	0.026256	0.024989	0.053054	
-1.270759	0.751379	-0.214674	-0.230615	-0.121099	0.066142	-0.090575	-0.002425	0.115124	0.130690	-0.042418	0.068727	
-0.748754	0.082278	-0.390223	0.130488	-0.204811	0.095422	-0.053858	0.068581	-0.013081	0.032606	0.021856	0.048206	
-1.400784	1.451458	-1.135956	0.706899	-0.590855	0.433943	-0.549777	0.453785	-0.394518	0.259798	-0.117336	0.093858	
-1.370797	0.274901	0.048637	0.057992	-0.018861	0.055597	0.033908	0.010902	-0.008108	-0.054791	-0.054148	0.090820	
-1.877733	1.760228	-1.054440	0.068316	0.339772	-0.186383	-0.053230	0.229522	-0.140332	0.037048	0.017369	0.024464	
-0.096331	0.586029	-0.448800	-0.150915	-0.728495	-0.088429	-0.418259	0.194715	-0.034662	0.362903	0.067348	0.201414	
-2.425113	3.152306	-2.511254	0.940974	0.381040	-0.564592	0.133036	0.270447	-0.244544	0.079286	0.030554	0.002307	
