-2.236041	2.761242	-1.978063	0.548229	0.401900	-0.512180	0.066532	0.324871	-0.255245	0.134569	0.042024	0.001085	
-1.495467	1.021532	-0.255020	-0.324873	-0.055924	0.173858	-0.195998	-0.030482	0.181059	0.140486	-0.140232	0.102955	
-2.902034	4.978862	-5.683186	4.715673	-2.861183	1.654732	-1.478879	1.865106	-1.902543	1.462262	-0.766990	0.255557	
0.281262	1.174282	0.429517	1.025837	-0.107871	0.511983	-0.248755	0.203786	-0.218776	0.133535	-0.103085	0.071544	
-1.790925	1.704573	-1.107153	0.348776	-0.301733	0.300553	-0.392962	0.283001	0.158422	-0.246508	0.279808	-0.116339	
-1.279285	0.704051	-0.165509	-0.242180	-0.120741	0.064841	-0.061589	-0.005595	0.109117	0.113041	-0.028771	0.054916	
-1.309542	1.215912	-0.928432	0.694819	-0.797335	0.812880	-0.658790	0.474527	-0.334017	0.251422	-0.168908	0.062594	
-0.814541	0.184015	-0.489797	0.243024	-0.319508	0.187427	-0.154443	0.196369	-0.120429	0.144072	-0.079869	0.089631	
-2.108417	2.049915	-1.565348	0.701367	0.156334	-0.180213	0.040482	-0.058277	-0.040858	0.169416	-0.087594	-0.031206	
-1.159539	0.871438	-0.469291	-0.072546	-0.231047	0.060616	-0.096669	0.112983	0.173652	-0.064665	0.171672	-0.041511	
-1.460998	1.692609	-1.415874	0.977672	-0.734486	0.518738	-0.633865	0.610875	-0.555547	0.329067	-0.130705	0.097871	
0.081640	0.608084	-0.113365	0.068217	-0.420254	-0.064703	-0.374372	-0.045620	-0.141482	0.121442	0.027983	0.178957	
-1.539894	1.419302	-0.803968	-0.175283	0.162060	-0.094299	-0.220149	0.324731	0.073104	-0.158028	0.285739	-0.109422	
-1.177785	0.112501	0.029426	0.029401	-0.019233	0.015222	0.030741	0.029184	0.006091	-0.003995	-0.021867	0.052348	
-0.783458	0.838711	-0.664073	0.436728	-0.666410	0.465960	-0.485323	0.287831	-0.277526	0.280599	-0.164247	0.123460	
-0.190770	-0.142794	-0.284769	-0.118822	-0.157159	-0.017032	-0.032762	0.084661	0.094918	0.090413	0.002855	0.047222	
-2.308249	3.018521	-2.222913	0.606711	0.618243	-0.556247	-0.010911	0.412055	-0.276259	0.128357	-0.073538	0.077259	
-1.774228	1.221054	-0.267046	-0.208536	-0.157986	0.474347	-0.293446	-0.143576	0.301672	-0.013679	-0.154429	0.116762	
-0.695652	0.136315	-0.487174	0.183292	-0.325300	0.158112	-0.127191	0.126003	-0.050314	0.065184	0.016882	0.068740	
0.413189	1.190106	0.469509	0.787684	-0.270225	0.086806	-0.484790	-0.061060	-0.229335	0.055526	-0.039806	0.054796	
-2.082042	1.890773	-0.783806	-0.070215	-0.070268	0.553947	-0.625041	0.238704	0.116218	-0.079352	-0.148652	0.179063	
-1.564115	0.639124	-0.003346	0.046711	-0.220014	0.166854	-0.048372	0.025992	0.047331	-0.045990	-0.048111	0.085056	
-1.863169	1.308327	-0.388845	0.136673	-0.756225	1.298482	-0.870661	0.067409	0.177481	0.206823	-0.507736	0.313784	
-1.071967	0.401435	-0.325849	0.210099	-0.283031	0.138786	-0.138667	0.177791	-0.139267	0.109793	-0.007141	0.036263	
-2.085235	2.463577	-1.842074	0.215759	0.633477	-0.674162	0.152134	0.733086	-0.973643	0.859400	-0.460039	0.117025	
-1.436111	0.870181	-0.358912	-0.119031	0.114066	-0.031458	-0.102771	0.167363	0.032250	-0.103706	0.108155	0.021019	
-2.002027	2.118230	-1.639575	1.117130	-0.939156	0.884768	-0.906983	0.881360	-0.569763	0.281932	-0.100961	0.017305	
-0.417342	0.660780	-0.060818	0.510759	-0.534543	0.433282	-0.342362	0.149274	-0.219160	0.203634	-0.049113	0.033485	
-1.953826	1.955697	-1.168050	0.108860	0.398558	-0.324581	-0.014503	0.238809	-0.099342	-0.060367	0.195799	-0.070297	
-1.377454	0.477289	0.011764	-0.109991	-0.113038	-0.013431	0.061540	0.103434	0.024977	-0.007218	-0.009580	0.016740	
-1.405465	1.271184	-0.752553	0.239673	-0.154128	0.129084	-0.359734	0.416363	-0.447761	0.344134	-0.156997	0.106074	
-0.868354	0.092547	-0.255995	0.153732	-0.225045	0.070270	-0.056509	0.089432	-0.023501	0.072287	-0.009779	0.041138	
-2.379584	3.005529	-2.587988	1.202878	0.197444	-0.728085	0.513964	0.018000	-0.319418	0.246501	0.015257	-0.051909	
-1.667272	0.984492	-0.218853	-0.230290	0.149725	0.192088	-0.071910	-0.068154	0.021847	0.076575	-0.162335	0.117775	
-1.889923	1.686096	-0.859865	0.065696	-0.193489	0.530583	-0.334359	-0.262455	0.582006	-0.317904	0.007454	0.081433	
0.043379	0.921342	0.067360	0.727851	-0.303612	0.478721	-0.075699	0.373391	0.033312	0.305696	-0.004457	0.090838	
-2.119539	2.160365	-1.307805	0.431961	-0.294947	0.257548	-0.144055	-0.148413	0.566993	-0.681133	0.510873	-0.127014	
-1.481403	0.549092	0.006259	-0.191191	0.003568	0.235121	0.022166	-0.078955	-0.020724	0.029268	0.009228	0.001080	
-1.327390	1.212934	-0.972373	0.633530	-0.767403	0.564030	-0.483195	0.208964	-0.019283	0.037193	0.072332	0.016127	
-0.849378	0.313510	-0.640728	0.320840	-0.384826	0.323733	-0.255871	0.244065	-0.163856	0.152805	-0.060461	0.071450	
-1.991053	1.899531	-1.643215	0.607718	0.480147	-0.711367	0.741122	-0.154300	-0.366735	0.326476	-0.396202	0.258645	
-1.230953	0.941971	-0.644933	0.151273	-0.314763	0.165168	-0.154088	0.079687	0.031146	0.032817	-0.000677	0.077684	
-1.988665	2.283602	-1.973376	1.224302	-0.664082	0.304033	-0.245664	0.173626	-0.025825	-0.053129	0.150675	-0.059395	
-0.055604	0.583262	-0.430432	-0.168154	-0.773867	-0.133797	-0.470169	0.209441	-0.016243	0.399704	0.091346	0.223437	
-1.712226	1.372779	-0.722438	-0.015534	0.142428	-0.045363	-0.056369	0.168936	-0.090146	0.036668	0.065235	-0.018243	
-1.127941	0.251676	-0.148146	0.034523	-0.104203	0.100883	-0.026111	0.034358	0.050642	0.010336	-0.002389	0.019771	
-1.172466	0.794813	-0.583171	0.371997	-0.629176	0.596202	-0.360930	0.264003	-0.317291	0.251647	-0.108902	0.069662	
-0.717320	0.064735	-0.409579	0.137278	-0.243136	0.141985	-0.110042	0.152323	-0.103676	0.107267	-0.049066	0.095072	
-2.529073	3.365977	-2.578690	0.846202	0.446034	-0.405272	-0.175920	0.452089	-0.153812	-0.112465	0.097897	0.019047	
-1.753257	1.364531	-0.614986	0.053687	-0.182679	0.237721	-0.064459	-0.172739	0.256205	-0.038585	-0.106748	0.119299	
-0.839596	0.210368	-0.493691	0.220776	-0.263523	0.130756	-0.029163	0.030643	0.009050	0.011509	0.056609	0.020101	
0.030953	0.910415	-0.058265	0.361362	-0.406651	0.059651	-0.359615	-0.075948	-0.214019	-0.038319	-0.083211	-0.017838	
-2.067281	1.891079	-1.218825	0.683984	-0.606255	0.641246	-0.249379	-0.259746	0.263473	0.116144	-0.251017	0.112598	
-1.672009	0.700880	-0.099641	0.257066	-0.427493	0.413247	0.027044	-0.186056	0.002988	0.108456	-0.172630	0.100832	
-2.093542	1.504700	-0.523816	0.521676	-1.050724	1.158569	-0.540495	0.196665	-0.278557	0.274135	-0.349431	0.235270	
-1.045607	0.625354	-0.410659	0.156261	-0.450590	0.294436	-0.200939	0.083350	-0.096359	0.090373	0.050178	0.056666	
-2.184107	2.137898	-1.531504	0.740978	0.029409	-0.161415	0.197356	0.027478	-0.616352	0.653884	-0.286011	0.104698	
-1.622334	0.905783	-0.092828	-0.174068	-0.123350	0.084707	0.077441	0.024341	-0.052461	-0.043053	0.190953	-0.069061	
-2.134762	2.113935	-1.616874	1.198133	-1.073835	1.266398	-1.041242	0.405460	0.087649	-0.083288	-0.094125	0.061206	
-0.333061	0.964448	-0.333159	0.446418	-0.512779	0.254834	-0.562571	0.108695	-0.292181	0.114383	-0.093228	0.064466	
-1.895155	1.640092	-0.961139	0.065426	0.389127	-0.138196	0.051750	0.074227	-0.175618	0.073064	-0.140676	0.157198	
-1.377735	0.268361	0.042564	0.066032	-0.005241	0.070147	0.036311	-0.004299	-0.009187	-0.060546	-0.054934	0.093505	
-1.317699	1.084686	-0.741297	0.368999	-0.410114	0.370530	-0.340226	0.174347	-0.184838	0.032047	0.060197	0.044162	
-0.706798	0.062849	-0.384378	0.079759	-0.164754	0.082432	-0.045048	0.059884	0.000074	0.022866	0.018785	0.051877	
